0  1 0
0.0628319  0.998028 -0.0627699
0.125664  0.99212 -0.125292
0.188496  0.982299 -0.18732
0.251327  0.968604 -0.24861
0.314159  0.951088 -0.308919
0.376991  0.929822 -0.368009
0.439823  0.904889 -0.425648
0.502655  0.876386 -0.481609
0.565487  0.844428 -0.53567
0.628319  0.809138 -0.587618
0.69115  0.770658 -0.637249
0.753982  0.729138 -0.684366
0.816814  0.684743 -0.728785
0.879646  0.637647 -0.770329
0.942478  0.588036 -0.808835
1.00531  0.536106 -0.844151
1.06814  0.482061 -0.876137
1.13097  0.426116 -0.904669
1.19381  0.368489 -0.929632
1.25664  0.30941 -0.950929
1.31947  0.24911 -0.968475
1.3823  0.187828 -0.982202
1.44513  0.125805 -0.992055
1.50796  0.0632853 -0.997995
1.5708  0.000516465 -1
1.63363  -0.0622544 -0.99806
1.69646  -0.12478 -0.992184
1.75929  -0.186813 -0.982395
1.82212  -0.24811 -0.968732
1.88496  -0.308428 -0.951248
1.94779  -0.367529 -0.930012
2.01062  -0.425181 -0.905108
2.07345  -0.481156 -0.876635
2.13628  -0.535234 -0.844704
2.19911  -0.5872 -0.809442
2.26195  -0.636851 -0.770987
2.32478  -0.68399 -0.729492
2.38761  -0.728431 -0.685119
2.45044  -0.769999 -0.638045
2.51327  -0.808531 -0.588454
2.57611  -0.843874 -0.536542
2.63894  -0.875888 -0.482514
2.70177  -0.904448 -0.426583
2.7646  -0.929441 -0.36897
2.82743  -0.950769 -0.309901
2.89027  -0.968346 -0.24961
2.9531  -0.982105 -0.188335
3.01593  -0.99199 -0.126317
3.07876  -0.997963 -0.0638008
3.14159  -0.999999 -0.00103293
3.20442  -0.998092 0.061739
3.26726  -0.992249 0.124267
3.33009  -0.982492 0.186306
3.39292  -0.96886 0.247609
3.45575  -0.951407 0.307936
3.51858  -0.930202 0.367049
3.58142  -0.905328 0.424714
3.64425  -0.876883 0.480703
3.70708  -0.84498 0.534797
3.76991  -0.809745 0.586782
3.83274  -0.771316 0.636453
3.89557  -0.729845 0.683613
3.95841  -0.685495 0.728077
4.02124  -0.638442 0.76967
4.08407  -0.588871 0.808227
4.1469  -0.536978 0.843597
4.20973  -0.482966 0.875639
4.27257  -0.42705 0.904228
4.3354  -0.36945 0.929251
4.39823  -0.310392 0.950609
4.46106  -0.25011 0.968217
4.52389  -0.188842 0.982007
4.58673  -0.126829 0.991925
4.64956  -0.0643162 0.99793
4.71239  -0.0015494 0.999999
4.77522  0.0612235 0.998124
4.83805  0.123755 0.992313
4.90088  0.185798 0.982588
4.96372  0.247109 0.968988
5.02655  0.307445 0.951566
5.08938  0.366568 0.930391
5.15221  0.424246 0.905547
5.21504  0.48025 0.877131
5.27788  0.534361 0.845256
5.34071  0.586364 0.810048
5.40354  0.636054 0.771644
5.46637  0.683236 0.730198
5.5292  0.727723 0.685871
5.59203  0.76934 0.63884
5.65487  0.807923 0.589288
5.7177  0.843319 0.537413
5.78053  0.875389 0.483418
5.84336  0.904007 0.427517
5.90619  0.92906 0.369929
5.96903  0.950448 0.310883
6.03186  0.968088 0.25061
6.09469  0.98191 0.189349
6.15752  0.991859 0.127342
6.22035  0.997896 0.0648316
6.28319  0.999998 0.00206586
6.34602  0.998156 -0.060708
6.40885  0.992377 -0.123242
6.47168  0.982684 -0.185291
6.53451  0.969115 -0.246608
6.59734  0.951725 -0.306953
6.66018  0.93058 -0.366088
6.72301  0.905766 -0.423778
6.78584  0.877379 -0.479797
6.84867  0.845532 -0.533924
6.9115  0.810351 -0.585945
6.97434  0.771973 -0.635655
7.03717  0.730551 -0.682859
7.1  0.686247 -0.727369
7.16283  0.639237 -0.76901
7.22566  0.589706 -0.807618
7.28849  0.537849 -0.843041
7.35133  0.48387 -0.87514
7.41416  0.427984 -0.903786
7.47699  0.370409 -0.928869
7.53982  0.311374 -0.950288
7.60265  0.25111 -0.967958
7.66549  0.189856 -0.981812
7.72832  0.127854 -0.991793
7.79115  0.0653469 -0.997863
7.85398  0.00258232 -0.999997
7.91681  -0.0601925 -0.998187
7.97965  -0.12273 -0.99244
8.04248  -0.184783 -0.982779
8.10531  -0.246108 -0.969242
8.16814  -0.306462 -0.951883
8.23097  -0.365607 -0.930769
8.2938  -0.42331 -0.905985
8.35664  -0.479344 -0.877627
8.41947  -0.533487 -0.845808
8.4823  -0.585527 -0.810653
8.54513  -0.635257 -0.772301
8.60796  -0.682481 -0.730903
8.6708  -0.727014 -0.686623
8.73363  -0.76868 -0.639634
8.79646  -0.807314 -0.590123
8.85929  -0.842764 -0.538284
8.92212  -0.87489 -0.484322
8.98495  -0.903565 -0.42845
9.04779  -0.928677 -0.370889
9.11062  -0.950127 -0.311864
9.17345  -0.967829 -0.25161
9.23628  -0.981714 -0.190363
9.29911  -0.991727 -0.128366
9.36195  -0.997829 -0.0658623
9.42478  -0.999995 -0.00309879
9.48761  -0.998218 0.0596769
9.55044  -0.992503 0.122217
9.61327  -0.982875 0.184276
9.67611  -0.969369 0.245607
9.73894  -0.952041 0.30597
9.80177  -0.930958 0.365126
9.8646  -0.906203 0.422842
9.92743  -0.877874 0.478891
9.99026  -0.846083 0.533051
10.0531  -0.810955 0.585108
10.1159  -0.772629 0.634858
10.1788  -0.731256 0.682104
10.2416  -0.686998 0.726659
10.3044  -0.640031 0.768349
10.3673  -0.59054 0.807009
10.4301  -0.538719 0.842485
10.4929  -0.484774 0.874639
10.5558  -0.428917 0.903344
10.6186  -0.371368 0.928486
10.6814  -0.312355 0.949965
10.7442  -0.25211 0.967699
10.8071  -0.19087 0.981615
10.8699  -0.128878 0.99166
10.9327  -0.0663776 0.997795
10.9956  -0.00361525 0.999993
11.0584  0.0591614 0.998248
11.1212  0.121705 0.992566
11.1841  0.183768 0.98297
11.2469  0.245106 0.969496
11.3097  0.305478 0.952199
11.3726  0.364645 0.931146
11.4354  0.422374 0.906422
11.4982  0.478437 0.878122
11.5611  0.532613 0.846359
11.6239  0.584689 0.811258
11.6867  0.634459 0.772957
11.7496  0.681726 0.731608
11.8124  0.726304 0.687373
11.8752  0.768019 0.640428
11.9381  0.806704 0.590956
12.0009  0.842207 0.539154
12.0637  0.874389 0.485226
12.1265  0.903122 0.429384
12.1894  0.928294 0.371848
12.2522  0.949804 0.312846
12.315  0.967568 0.25261
12.3779  0.981517 0.191377
12.4407  0.991594 0.12939
12.5035  0.99776 0.0668929
12.5664  0.999991 0.00413171
