0  1 0
0.0837758  0.996497 -0.0836291
0.167552  0.986012 -0.166672
0.251327  0.96862 -0.248548
0.335103  0.944441 -0.328682
0.418879  0.913645 -0.406513
0.502655  0.876448 -0.481496
0.586431  0.833111 -0.553106
0.670206  0.783937 -0.620841
0.753982  0.72927 -0.684226
0.837758  0.669494 -0.742817
0.921534  0.605028 -0.796204
1.00531  0.536323 -0.844013
1.08909  0.46386 -0.885909
1.17286  0.388147 -0.921597
1.25664  0.309715 -0.950829
1.34041  0.229113 -0.9734
1.42419  0.146906 -0.98915
1.50796  0.0636698 -0.997971
1.59174  -0.0200126 -0.9998
1.67552  -0.103555 -0.994624
1.75929  -0.186372 -0.982479
1.84307  -0.267883 -0.963452
1.92684  -0.347517 -0.937674
2.01062  -0.424716 -0.905327
2.0944  -0.49894 -0.866637
2.17817  -0.569668 -0.821875
2.26195  -0.636405 -0.771355
2.34572  -0.698684 -0.715431
2.4295  -0.756067 -0.654494
2.51327  -0.808153 -0.588973
2.59705  -0.854577 -0.519324
2.68083  -0.895014 -0.446038
2.7646  -0.929181 -0.369626
2.84838  -0.956837 -0.290625
2.93215  -0.97779 -0.209587
3.01593  -0.991892 -0.127081
3.0997  -0.999045 -0.043685
3.18348  -0.999199 0.0400173
3.26726  -0.992352 0.123439
3.35103  -0.978553 0.205996
3.43481  -0.957898 0.28711
3.51858  -0.930531 0.366212
3.60236  -0.896646 0.442749
3.68614  -0.856478 0.516184
3.76991  -0.81031 0.586002
3.85369  -0.758464 0.651715
3.93746  -0.701305 0.712861
4.02124  -0.639232 0.769014
4.10501  -0.572681 0.819778
4.18879  -0.502118 0.864799
4.27257  -0.428037 0.903761
4.35634  -0.350956 0.936392
4.44012  -0.271417 0.962462
4.52389  -0.189977 0.981789
4.60767  -0.107205 0.994237
4.69145  -0.0236827 0.99972
4.77522  0.0600059 0.998198
4.859  0.143274 0.989683
4.94277  0.225538 0.974234
5.02655  0.306223 0.95196
5.11032  0.384761 0.923016
5.1941  0.460605 0.887605
5.27788  0.533221 0.845976
5.36165  0.602101 0.79842
5.44543  0.666763 0.74527
5.5292  0.726753 0.686898
5.61298  0.781652 0.623714
5.69675  0.831075 0.556161
5.78053  0.874675 0.48471
5.86431  0.912147 0.409864
5.94808  0.943228 0.332147
6.03186  0.967701 0.252102
6.11563  0.985394 0.170291
6.19941  0.996183 0.0872866
6.28319  0.999993 0.00367095
6.36696  0.996797 -0.0799704
6.45074  0.986618 -0.163052
6.53451  0.969526 -0.24499
6.61829  0.945641 -0.325213
6.70206  0.915131 -0.403156
6.78584  0.87821 -0.478276
6.86962  0.835136 -0.550044
6.95339  0.78621 -0.617959
7.03717  0.731777 -0.681544
7.12094  0.672217 -0.740355
7.20472  0.607947 -0.793978
7.28849  0.539417 -0.842039
7.37227  0.467109 -0.8842
7.45605  0.391528 -0.920166
7.53982  0.313204 -0.949686
7.6236  0.232685 -0.972552
7.70737  0.150536 -0.988604
7.79115  0.0673329 -0.997731
7.87493  -0.0163423 -0.999866
7.9587  -0.0999029 -0.994997
8.04248  -0.182764 -0.983157
8.12625  -0.264344 -0.964428
8.21003  -0.344072 -0.938943
8.2938  -0.42139 -0.90688
8.37758  -0.495755 -0.868462
8.46136  -0.566647 -0.823961
8.54513  -0.633569 -0.773686
8.62891  -0.696052 -0.717991
8.71268  -0.753659 -0.657266
8.79646  -0.805985 -0.591935
8.88024  -0.852665 -0.522458
8.96401  -0.893371 -0.44932
9.04779  -0.927818 -0.373034
9.13156  -0.955764 -0.294135
9.21534  -0.977014 -0.213175
9.29911  -0.991419 -0.130722
9.38289  -0.998878 -0.0473521
9.46667  -0.999339 0.036349
9.55044  -0.992799 0.119795
9.63422  -0.979302 0.202403
9.71799  -0.958945 0.283592
9.80177  -0.931869 0.362794
9.88554  -0.898265 0.439454
9.96932  -0.858367 0.513036
10.0531  -0.812455 0.583023
10.1369  -0.760852 0.648926
10.2206  -0.703917 0.710282
10.3044  -0.642051 0.766662
10.3882  -0.575687 0.81767
10.472  -0.505289 0.86295
10.5558  -0.431351 0.902184
10.6395  -0.354392 0.935097
10.7233  -0.274949 0.961459
10.8071  -0.19358 0.981085
10.8909  -0.110854 0.993837
10.9746  -0.0273525 0.999626
11.0584  0.0563411 0.998412
11.1422  0.13964 0.990202
11.226  0.221961 0.975056
11.3097  0.302726 0.953078
11.3935  0.381371 0.924422
11.4773  0.457343 0.88929
11.5611  0.530112 0.847928
11.6448  0.599166 0.800625
11.7286  0.664023 0.747713
11.8124  0.724227 0.689562
11.8962  0.779357 0.62658
11.9799  0.829028 0.559208
12.0637  0.872889 0.487918
12.1475  0.910636 0.41321
12.2313  0.942002 0.335607
12.315  0.966769 0.255652
12.3988  0.984762 0.173907
12.4826  0.995856 0.0909429
12.5664  0.999973 0.00734184
