0  1 0
0.251327  0.968908 -0.24742
0.502655  0.877566 -0.479455
0.753982  0.731654 -0.681676
1.00531  0.540246 -0.841507
1.25664  0.315242 -0.949011
1.50796  0.0706362 -0.997502
1.75929  -0.178362 -0.983965
2.01062  -0.41627 -0.909241
2.26195  -0.628292 -0.777978
2.51327  -0.801245 -0.598337
2.7646  -0.924373 -0.381489
3.01593  -0.990021 -0.14092
3.26726  -0.994106 0.108413
3.51858  -0.936374 0.351004
3.76991  -0.820415 0.571769
4.02124  -0.653439 0.756979
4.27257  -0.445831 0.895117
4.52389  -0.210499 0.977594
4.77522  0.0379225 0.999281
5.02655  0.283986 0.958828
5.27788  0.51239 0.858753
5.5292  0.708932 0.705277
5.78053  0.86139 0.507945
6.03186  0.960283 0.279027
6.28319  0.999463 0.0327576
6.53451  0.976493 -0.215548
6.78584  0.892801 -0.450451
7.03717  0.753592 -0.657343
7.28849  0.567521 -0.823359
7.53982  0.34616 -0.938175
7.79115  0.103274 -0.994653
8.04248  -0.146034 -0.98928
8.2938  -0.386262 -0.922389
8.54513  -0.60247 -0.798142
8.79646  -0.781214 -0.624263
9.04779  -0.91138 -0.411565
9.29911  -0.984874 -0.173275
9.55044  -0.997124 0.0757905
9.80177  -0.947369 0.320143
10.0531  -0.838704 0.544587
10.3044  -0.677885 0.735168
10.5558  -0.474913 0.880033
10.8071  -0.24241 0.970174
11.0584  0.00516809 0.999987
11.3097  0.252424 0.967617
11.5611  0.483984 0.875077
11.8124  0.685448 0.728122
12.0637  0.844288 0.535889
12.315  0.950628 0.310334
12.5664  0.997854 0.0654801
