0  0 0
0.00666667  0.00331111 0.00666667
0.0133333  -0.00336644 0.0133333
0.02  3.67663e-07 0.02
0.0266667  0.00331148 0.0266667
0.0333333  -0.00336608 0.0333333
0.04  7.28045e-07 0.04
0.0466667  0.00331183 0.0466667
0.0533333  -0.00336573 0.0533333
0.06  1.08129e-06 0.06
0.0666667  0.00331219 0.0666667
0.0733333  -0.00336538 0.0733333
0.08  1.42754e-06 0.08
0.0866667  0.00331253 0.0866667
0.0933333  -0.00336504 0.0933333
0.1  1.76694e-06 0.1
0.106667  0.00331287 0.106667
0.113333  -0.0033647 0.113333
0.12  2.09961e-06 0.12
0.126667  0.0033132 0.126667
0.133333  -0.00336437 0.133333
0.14  2.4257e-06 0.14
0.146667  0.00331352 0.146667
0.153333  -0.00336405 0.153333
0.16  2.74533e-06 0.16
0.166667  0.00331384 0.166667
0.173333  -0.00336374 0.173333
0.18  3.05863e-06 0.18
0.186667  0.00331415 0.186667
0.193333  -0.00336343 0.193333
0.2  3.36573e-06 0.2
0.206667  0.00331445 0.206667
0.213333  -0.00336312 0.213333
0.22  3.66675e-06 0.22
0.226667  0.00331475 0.226667
0.233333  -0.00336283 0.233333
0.24  3.96181e-06 0.24
0.246667  0.00331505 0.246667
0.253333  -0.00336254 0.253333
0.26  4.25102e-06 0.26
0.266667  0.00331533 0.266667
0.273333  -0.00336225 0.273333
0.28  4.53451e-06 0.28
0.286667  0.00331562 0.286667
0.293333  -0.00336197 0.293333
0.3  4.81238e-06 0.3
0.306667  0.00331589 0.306667
0.313333  -0.0033617 0.313333
0.32  5.08475e-06 0.32
0.326667  0.00331616 0.326667
0.333333  -0.00336143 0.333333
0.34  5.35173e-06 0.34
0.346667  0.00331643 0.346667
0.353333  -0.00336116 0.353333
0.36  5.61342e-06 0.36
0.366667  0.00331669 0.366667
0.373333  -0.00336091 0.373333
0.38  5.86993e-06 0.38
0.386667  0.00331694 0.386667
0.393333  -0.00336065 0.393333
0.4  6.12136e-06 0.4
0.406667  0.00331719 0.406667
0.413333  -0.0033604 0.413333
0.42  6.36782e-06 0.42
0.426667  0.00331744 0.426667
0.433333  -0.00336016 0.433333
0.44  6.60939e-06 0.44
0.446667  0.00331768 0.446667
0.453333  -0.00335992 0.453333
0.46  6.84618e-06 0.46
0.466667  0.00331791 0.466667
0.473333  -0.00335969 0.473333
0.48  7.07828e-06 0.48
0.486667  0.00331814 0.486667
0.493333  -0.00335946 0.493333
0.5  7.30578e-06 0.5
0.506667  0.00331837 0.506667
0.513333  -0.00335924 0.513333
0.52  7.52878e-06 0.52
0.526667  0.00331859 0.526667
0.533333  -0.00335902 0.533333
0.54  7.74737e-06 0.54
0.546667  0.00331881 0.546667
0.553333  -0.0033588 0.553333
0.56  7.96162e-06 0.56
0.566667  0.00331902 0.566667
0.573333  -0.00335859 0.573333
0.58  8.17163e-06 0.58
0.586667  0.00331923 0.586667
0.593333  -0.00335838 0.593333
0.6  8.37749e-06 0.6
0.606667  0.00331943 0.606667
0.613333  -0.00335818 0.613333
0.62  8.57927e-06 0.62
0.626667  0.00331963 0.626667
0.633333  -0.00335798 0.633333
0.64  8.77705e-06 0.64
0.646667  0.00331983 0.646667
0.653333  -0.00335778 0.653333
0.66  8.97092e-06 0.66
0.666667  0.00332002 0.666667
0.673333  -0.00335759 0.673333
0.68  9.16094e-06 0.68
0.686667  0.00332021 0.686667
0.693333  -0.00335741 0.693333
0.7  9.34721e-06 0.7
0.706667  0.0033204 0.706667
0.713333  -0.00335722 0.713333
0.72  9.52979e-06 0.72
0.726667  0.00332058 0.726667
0.733333  -0.00335704 0.733333
0.74  9.70875e-06 0.74
0.746667  0.00332076 0.746667
0.753333  -0.00335686 0.753333
0.76  9.88417e-06 0.76
0.766667  0.00332093 0.766667
0.773333  -0.00335669 0.773333
0.78  1.00561e-05 0.78
0.786667  0.0033211 0.786667
0.793333  -0.00335652 0.793333
0.8  1.02246e-05 0.8
0.806667  0.00332127 0.806667
0.813333  -0.00335636 0.813333
0.82  1.03899e-05 0.82
0.826667  0.00332143 0.826667
0.833333  -0.00335619 0.833333
0.84  1.05518e-05 0.84
0.846667  0.00332159 0.846667
0.853333  -0.00335603 0.853333
0.86  1.07105e-05 0.86
0.866667  0.00332175 0.866667
0.873333  -0.00335588 0.873333
0.88  1.08661e-05 0.88
0.886667  0.00332191 0.886667
0.893333  -0.00335572 0.893333
0.9  1.10186e-05 0.9
0.906667  0.00332206 0.906667
0.913333  -0.00335557 0.913333
0.92  1.11681e-05 0.92
0.926667  0.0033222 0.926667
0.933333  -0.00335542 0.933333
0.94  1.13146e-05 0.94
0.946667  0.00332235 0.946667
0.953333  -0.00335528 0.953333
0.96  1.14582e-05 0.96
0.966667  0.00332249 0.966667
0.973333  -0.00335514 0.973333
0.98  1.1599e-05 0.98
0.986667  0.00332263 0.986667
0.993333  -0.003355 0.993333
1  1.1737e-05 1
