0  0 0
0.005  0.00352303 0.005
0.01  -3.00711e-05 0.01
0.015  -0.00355296 0.015
0.02  2.99212e-07 0.02
0.025  0.00352333 0.025
0.03  -2.97749e-05 0.03
0.035  -0.00355266 0.035
0.04  5.92498e-07 0.04
0.045  0.00352362 0.045
0.05  -2.94845e-05 0.05
0.055  -0.00355237 0.055
0.06  8.79978e-07 0.06
0.065  0.00352391 0.065
0.07  -2.91999e-05 0.07
0.075  -0.00355209 0.075
0.08  1.16176e-06 0.08
0.085  0.00352419 0.085
0.09  -2.89209e-05 0.09
0.095  -0.00355181 0.095
0.1  1.43797e-06 0.1
0.105  0.00352446 0.105
0.11  -2.86475e-05 0.11
0.115  -0.00355154 0.115
0.12  1.70871e-06 0.12
0.125  0.00352473 0.125
0.13  -2.83794e-05 0.13
0.135  -0.00355127 0.135
0.14  1.97409e-06 0.14
0.145  0.003525 0.145
0.15  -2.81167e-05 0.15
0.155  -0.00355101 0.155
0.16  2.23421e-06 0.16
0.165  0.00352526 0.165
0.17  -2.78592e-05 0.17
0.175  -0.00355075 0.175
0.18  2.48918e-06 0.18
0.185  0.00352551 0.185
0.19  -2.76067e-05 0.19
0.195  -0.0035505 0.195
0.2  2.7391e-06 0.2
0.205  0.00352576 0.205
0.21  -2.73593e-05 0.21
0.215  -0.00355026 0.215
0.22  2.98408e-06 0.22
0.225  0.003526 0.225
0.23  -2.71167e-05 0.23
0.235  -0.00355002 0.235
0.24  3.2242e-06 0.24
0.245  0.00352624 0.245
0.25  -2.6879e-05 0.25
0.255  -0.00354978 0.255
0.26  3.45957e-06 0.26
0.265  0.00352648 0.265
0.27  -2.6646e-05 0.27
0.275  -0.00354955 0.275
0.28  3.69028e-06 0.28
0.285  0.00352671 0.285
0.29  -2.64176e-05 0.29
0.295  -0.00354932 0.295
0.3  3.91642e-06 0.3
0.305  0.00352693 0.305
0.31  -2.61937e-05 0.31
0.315  -0.0035491 0.315
0.32  4.13808e-06 0.32
0.325  0.00352715 0.325
0.33  -2.59742e-05 0.33
0.335  -0.00354888 0.335
0.34  4.35535e-06 0.34
0.345  0.00352737 0.345
0.35  -2.57591e-05 0.35
0.355  -0.00354866 0.355
0.36  4.56832e-06 0.36
0.365  0.00352758 0.365
0.37  -2.55483e-05 0.37
0.375  -0.00354845 0.375
0.38  4.77707e-06 0.38
0.385  0.00352779 0.385
0.39  -2.53416e-05 0.39
0.395  -0.00354825 0.395
0.4  4.98169e-06 0.4
0.405  0.00352799 0.405
0.41  -2.5139e-05 0.41
0.415  -0.00354805 0.415
0.42  5.18226e-06 0.42
0.425  0.00352819 0.425
0.43  -2.49404e-05 0.43
0.435  -0.00354785 0.435
0.44  5.37886e-06 0.44
0.445  0.00352839 0.445
0.45  -2.47458e-05 0.45
0.455  -0.00354766 0.455
0.46  5.57156e-06 0.46
0.465  0.00352858 0.465
0.47  -2.4555e-05 0.47
0.475  -0.00354747 0.475
0.48  5.76045e-06 0.48
0.485  0.00352877 0.485
0.49  -2.4368e-05 0.49
0.495  -0.00354728 0.495
0.5  5.94559e-06 0.5
0.505  0.00352895 0.505
0.51  -2.41847e-05 0.51
0.515  -0.0035471 0.515
0.52  6.12708e-06 0.52
0.525  0.00352913 0.525
0.53  -2.4005e-05 0.53
0.535  -0.00354692 0.535
0.54  6.30496e-06 0.54
0.545  0.00352931 0.545
0.55  -2.38289e-05 0.55
0.555  -0.00354674 0.555
0.56  6.47933e-06 0.56
0.565  0.00352948 0.565
0.57  -2.36563e-05 0.57
0.575  -0.00354657 0.575
0.58  6.65024e-06 0.58
0.585  0.00352965 0.585
0.59  -2.34871e-05 0.59
0.595  -0.0035464 0.595
0.6  6.81777e-06 0.6
0.605  0.00352982 0.605
0.61  -2.33212e-05 0.61
0.615  -0.00354624 0.615
0.62  6.98198e-06 0.62
0.625  0.00352998 0.625
0.63  -2.31586e-05 0.63
0.635  -0.00354608 0.635
0.64  7.14294e-06 0.64
0.645  0.00353014 0.645
0.65  -2.29993e-05 0.65
0.655  -0.00354592 0.655
0.66  7.30071e-06 0.66
0.665  0.0035303 0.665
0.67  -2.28431e-05 0.67
0.675  -0.00354576 0.675
0.68  7.45536e-06 0.68
0.685  0.00353045 0.685
0.69  -2.269e-05 0.69
0.695  -0.00354561 0.695
0.7  7.60695e-06 0.7
0.705  0.0035306 0.705
0.71  -2.25399e-05 0.71
0.715  -0.00354546 0.715
0.72  7.75553e-06 0.72
0.725  0.00353075 0.725
0.73  -2.23928e-05 0.73
0.735  -0.00354531 0.735
0.74  7.90117e-06 0.74
0.745  0.0035309 0.745
0.75  -2.22486e-05 0.75
0.755  -0.00354517 0.755
0.76  8.04393e-06 0.76
0.765  0.00353104 0.765
0.77  -2.21072e-05 0.77
0.775  -0.00354503 0.775
0.78  8.18386e-06 0.78
0.785  0.00353118 0.785
0.79  -2.19687e-05 0.79
0.795  -0.00354489 0.795
0.8  8.32103e-06 0.8
0.805  0.00353131 0.805
0.81  -2.18329e-05 0.81
0.815  -0.00354476 0.815
0.82  8.45547e-06 0.82
0.825  0.00353145 0.825
0.83  -2.16998e-05 0.83
0.835  -0.00354463 0.835
0.84  8.58725e-06 0.84
0.845  0.00353158 0.845
0.85  -2.15693e-05 0.85
0.855  -0.0035445 0.855
0.86  8.71643e-06 0.86
0.865  0.00353171 0.865
0.87  -2.14414e-05 0.87
0.875  -0.00354437 0.875
0.88  8.84304e-06 0.88
0.885  0.00353183 0.885
0.89  -2.13161e-05 0.89
0.895  -0.00354424 0.895
0.9  8.96715e-06 0.9
0.905  0.00353196 0.905
0.91  -2.11932e-05 0.91
0.915  -0.00354412 0.915
0.92  9.0888e-06 0.92
0.925  0.00353208 0.925
0.93  -2.10728e-05 0.93
0.935  -0.003544 0.935
0.94  9.20804e-06 0.94
0.945  0.0035322 0.945
0.95  -2.09547e-05 0.95
0.955  -0.00354388 0.955
0.96  9.32492e-06 0.96
0.965  0.00353231 0.965
0.97  -2.0839e-05 0.97
0.975  -0.00354377 0.975
0.98  9.43949e-06 0.98
0.985  0.00353243 0.985
0.99  -2.07256e-05 0.99
0.995  -0.00354366 0.995
1  9.55179e-06 1
