0  0 0
0.02  -0.0202 0.02
0.04  -0.04 0.04
0.06  -0.059408 0.06
0.08  -0.0784318 0.08
0.1  -0.0970788 0.1
0.12  -0.115357 0.12
0.14  -0.133273 0.14
0.16  -0.150834 0.16
0.18  -0.168047 0.18
0.2  -0.18492 0.2
0.22  -0.201459 0.22
0.24  -0.21767 0.24
0.26  -0.23356 0.26
0.28  -0.249135 0.28
0.3  -0.264402 0.3
0.32  -0.279367 0.32
0.34  -0.294036 0.34
0.36  -0.308414 0.36
0.38  -0.322507 0.38
0.4  -0.336322 0.4
0.42  -0.349862 0.42
0.44  -0.363135 0.44
0.46  -0.376145 0.46
0.48  -0.388897 0.48
0.5  -0.401397 0.5
0.52  -0.41365 0.52
0.54  -0.425659 0.54
0.56  -0.437431 0.56
0.58  -0.44897 0.58
0.6  -0.460281 0.6
0.62  -0.471367 0.62
0.64  -0.482234 0.64
0.66  -0.492886 0.66
0.68  -0.503327 0.68
0.7  -0.513561 0.7
0.72  -0.523592 0.72
0.74  -0.533425 0.74
0.76  -0.543063 0.76
0.78  -0.552511 0.78
0.8  -0.561771 0.8
0.82  -0.570848 0.82
0.84  -0.579745 0.84
0.86  -0.588466 0.86
0.88  -0.597014 0.88
0.9  -0.605394 0.9
0.92  -0.613607 0.92
0.94  -0.621657 0.94
0.96  -0.629549 0.96
0.98  -0.637283 0.98
1  -0.644865 1
