0  0 0
0.01  -5e-05 0.01
0.02  4.975e-07 0.02
0.03  -4.95075e-05 0.03
0.04  9.85149e-07 0.04
0.05  -4.90247e-05 0.05
0.06  1.46314e-06 0.06
0.07  -4.85514e-05 0.07
0.08  1.93167e-06 0.08
0.09  -4.80875e-05 0.09
0.1  2.39092e-06 0.1
0.11  -4.76329e-05 0.11
0.12  2.84108e-06 0.12
0.13  -4.71872e-05 0.13
0.14  3.28232e-06 0.14
0.15  -4.67503e-05 0.15
0.16  3.71483e-06 0.16
0.17  -4.63221e-05 0.17
0.18  4.13877e-06 0.18
0.19  -4.59024e-05 0.19
0.2  4.55432e-06 0.2
0.21  -4.5491e-05 0.21
0.22  4.96164e-06 0.22
0.23  -4.50877e-05 0.23
0.24  5.36089e-06 0.24
0.25  -4.46924e-05 0.25
0.26  5.75224e-06 0.26
0.27  -4.4305e-05 0.27
0.28  6.13584e-06 0.28
0.29  -4.39252e-05 0.29
0.3  6.51185e-06 0.3
0.31  -4.35529e-05 0.31
0.32  6.88041e-06 0.32
0.33  -4.31881e-05 0.33
0.34  7.24167e-06 0.34
0.35  -4.28304e-05 0.35
0.36  7.59578e-06 0.36
0.37  -4.24798e-05 0.37
0.38  7.94287e-06 0.38
0.39  -4.21362e-05 0.39
0.4  8.28309e-06 0.4
0.41  -4.17993e-05 0.41
0.42  8.61658e-06 0.42
0.43  -4.14692e-05 0.43
0.44  8.94346e-06 0.44
0.45  -4.11455e-05 0.45
0.46  9.26387e-06 0.46
0.47  -4.08283e-05 0.47
0.48  9.57794e-06 0.48
0.49  -4.05174e-05 0.49
0.5  9.88579e-06 0.5
0.51  -4.02126e-05 0.51
0.52  1.01875e-05 0.52
0.53  -3.99138e-05 0.53
0.54  1.04833e-05 0.54
0.55  -3.9621e-05 0.55
0.56  1.07732e-05 0.56
0.57  -3.9334e-05 0.57
0.58  1.10574e-05 0.58
0.59  -3.90526e-05 0.59
0.6  1.1336e-05 0.6
0.61  -3.87768e-05 0.61
0.62  1.1609e-05 0.62
0.63  -3.85065e-05 0.63
0.64  1.18766e-05 0.64
0.65  -3.82415e-05 0.65
0.66  1.2139e-05 0.66
0.67  -3.79818e-05 0.67
0.68  1.23961e-05 0.68
0.69  -3.77272e-05 0.69
0.7  1.26481e-05 0.7
0.71  -3.74777e-05 0.71
0.72  1.28952e-05 0.72
0.73  -3.72331e-05 0.73
0.74  1.31374e-05 0.74
0.75  -3.69934e-05 0.75
0.76  1.33747e-05 0.76
0.77  -3.67583e-05 0.77
0.78  1.36074e-05 0.78
0.79  -3.6528e-05 0.79
0.8  1.38355e-05 0.8
0.81  -3.63022e-05 0.81
0.82  1.4059e-05 0.82
0.83  -3.60809e-05 0.83
0.84  1.42781e-05 0.84
0.85  -3.58639e-05 0.85
0.86  1.44929e-05 0.86
0.87  -3.56513e-05 0.87
0.88  1.47034e-05 0.88
0.89  -3.54429e-05 0.89
0.9  1.49098e-05 0.9
0.91  -3.52386e-05 0.91
0.92  1.51121e-05 0.92
0.93  -3.50383e-05 0.93
0.94  1.53103e-05 0.94
0.95  -3.4842e-05 0.95
0.96  1.55047e-05 0.96
0.97  -3.46496e-05 0.97
0.98  1.56952e-05 0.98
0.99  -3.4461e-05 0.99
1  1.58819e-05 1
