0  0 0
0.02  0.02 0.02
0.04  0.0396 0.04
0.06  0.058808 0.06
0.08  0.0776318 0.08
0.1  0.0960792 0.1
0.12  0.114158 0.12
0.14  0.131874 0.14
0.16  0.149237 0.16
0.18  0.166252 0.18
0.2  0.182927 0.2
0.22  0.199269 0.22
0.24  0.215283 0.24
0.26  0.230978 0.26
0.28  0.246358 0.28
0.3  0.261431 0.3
0.32  0.276202 0.32
0.34  0.290678 0.34
0.36  0.304865 0.36
0.38  0.318767 0.38
0.4  0.332392 0.4
0.42  0.345744 0.42
0.44  0.358829 0.44
0.46  0.371653 0.46
0.48  0.38422 0.48
0.5  0.396535 0.5
0.52  0.408605 0.52
0.54  0.420432 0.54
0.56  0.432024 0.56
0.58  0.443383 0.58
0.6  0.454516 0.6
0.62  0.465425 0.62
0.64  0.476117 0.64
0.66  0.486595 0.66
0.68  0.496863 0.68
0.7  0.506925 0.7
0.72  0.516787 0.72
0.74  0.526451 0.74
0.76  0.535922 0.76
0.78  0.545204 0.78
0.8  0.5543 0.8
0.82  0.563214 0.82
0.84  0.571949 0.84
0.86  0.58051 0.86
0.88  0.5889 0.88
0.9  0.597122 0.9
0.92  0.60518 0.92
0.94  0.613076 0.94
0.96  0.620815 0.96
0.98  0.628398 0.98
1  0.63583 1
