0  0 0
0.005  0.005 0.005
0.01  0.004975 0.01
0.015  -4.9875e-05 0.015
0.02  -4.96256e-05 0.02
0.025  0.00495062 0.025
0.03  0.00492587 0.03
0.035  -9.876e-05 0.035
0.04  -9.82662e-05 0.04
0.045  0.00490223 0.045
0.05  0.00487771 0.05
0.055  -0.000146675 0.055
0.06  -0.000145941 0.06
0.065  0.00485479 0.065
0.07  0.00483051 0.07
0.075  -0.000193638 0.075
0.08  -0.00019267 0.08
0.085  0.00480829 0.085
0.09  0.00478425 0.09
0.095  -0.000239669 0.095
0.1  -0.000238471 0.1
0.105  0.00476272 0.105
0.11  0.00473891 0.11
0.115  -0.000284787 0.115
0.12  -0.000283363 0.12
0.125  0.00471805 0.125
0.13  0.00469446 0.13
0.135  -0.000329008 0.135
0.14  -0.000327363 0.14
0.145  0.00467427 0.145
0.15  0.0046509 0.15
0.155  -0.000372352 0.155
0.16  -0.000370491 0.16
0.165  0.00463136 0.165
0.17  0.0046082 0.17
0.175  -0.000414836 0.175
0.18  -0.000412762 0.18
0.185  0.0045893 0.185
0.19  0.00456636 0.19
0.195  -0.000456476 0.195
0.2  -0.000454194 0.2
0.205  0.00454808 0.205
0.21  0.00452534 0.21
0.215  -0.00049729 0.215
0.22  -0.000494804 0.22
0.225  0.00450767 0.225
0.23  0.00448513 0.23
0.235  -0.000537294 0.235
0.24  -0.000534607 0.24
0.245  0.00446807 0.245
0.25  0.00444573 0.25
0.255  -0.000576503 0.255
0.26  -0.000573621 0.26
0.265  0.00442925 0.265
0.27  0.0044071 0.27
0.275  -0.000614934 0.275
0.28  -0.00061186 0.28
0.285  0.0043912 0.285
0.29  0.00436924 0.29
0.295  -0.000652602 0.295
0.3  -0.000649339 0.3
0.305  0.00435391 0.305
0.31  0.00433214 0.31
0.315  -0.000689523 0.315
0.32  -0.000686075 0.32
0.325  0.00431736 0.325
0.33  0.00429577 0.33
0.335  -0.000725711 0.335
0.34  -0.000722082 0.34
0.345  0.00428153 0.345
0.35  0.00426012 0.35
0.355  -0.00076118 0.355
0.36  -0.000757374 0.36
0.365  0.00424641 0.365
0.37  0.00422518 0.37
0.375  -0.000795945 0.375
0.38  -0.000791965 0.38
0.385  0.00421199 0.385
0.39  0.00419093 0.39
0.395  -0.00083002 0.395
0.4  -0.00082587 0.4
0.405  0.00417826 0.405
0.41  0.00415737 0.41
0.415  -0.000863419 0.415
0.42  -0.000859102 0.42
0.425  0.00414519 0.425
0.43  0.00412447 0.43
0.435  -0.000896155 0.435
0.44  -0.000891674 0.44
0.445  0.00411278 0.445
0.45  0.00409222 0.45
0.455  -0.00092824 0.455
0.46  -0.000923599 0.46
0.465  0.00408102 0.465
0.47  0.00406061 0.47
0.475  -0.000959689 0.475
0.48  -0.000954891 0.48
0.485  0.00404988 0.485
0.49  0.00402963 0.49
0.495  -0.000990514 0.495
0.5  -0.000985562 0.5
0.505  0.00401937 0.505
0.51  0.00399927 0.51
0.515  -0.00102073 0.515
0.52  -0.00101562 0.52
0.525  0.00398945 0.525
0.53  0.00396951 0.53
0.535  -0.00105034 0.535
0.54  -0.00104509 0.54
0.545  0.00396014 0.545
0.55  0.00394034 0.55
0.555  -0.00107937 0.555
0.56  -0.00107397 0.56
0.565  0.0039314 0.565
0.57  0.00391174 0.57
0.575  -0.00110781 0.575
0.58  -0.00110228 0.58
0.585  0.00390324 0.585
0.59  0.00388372 0.59
0.595  -0.0011357 0.595
0.6  -0.00113002 0.6
0.605  0.00387563 0.605
0.61  0.00385625 0.61
0.615  -0.00116303 0.615
0.62  -0.00115721 0.62
0.625  0.00384857 0.625
0.63  0.00382933 0.63
0.635  -0.00118982 0.635
0.64  -0.00118387 0.64
0.645  0.00382205 0.645
0.65  0.00380294 0.65
0.655  -0.00121607 0.655
0.66  -0.00120999 0.66
0.665  0.00379606 0.665
0.67  0.00377708 0.67
0.675  -0.00124181 0.675
0.68  -0.0012356 0.68
0.685  0.00377058 0.685
0.69  0.00375172 0.69
0.695  -0.00126703 0.695
0.7  -0.0012607 0.7
0.705  0.0037456 0.705
0.71  0.00372688 0.71
0.715  -0.00129176 0.715
0.72  -0.0012853 0.72
0.725  0.00372113 0.725
0.73  0.00370252 0.73
0.735  -0.00131599 0.735
0.74  -0.00130941 0.74
0.745  0.00369714 0.745
0.75  0.00367865 0.75
0.755  -0.00133974 0.755
0.76  -0.00133304 0.76
0.765  0.00367362 0.765
0.77  0.00365525 0.77
0.775  -0.00136302 0.775
0.78  -0.00135621 0.78
0.785  0.00365057 0.785
0.79  0.00363232 0.79
0.795  -0.00138584 0.795
0.8  -0.00137891 0.8
0.805  0.00362798 0.805
0.81  0.00360984 0.81
0.815  -0.00140821 0.815
0.82  -0.00140117 0.82
0.825  0.00360584 0.825
0.83  0.00358781 0.83
0.835  -0.00143013 0.835
0.84  -0.00142298 0.84
0.845  0.00358414 0.845
0.85  0.00356622 0.85
0.855  -0.00145161 0.855
0.86  -0.00144436 0.86
0.865  0.00356287 0.865
0.87  0.00354505 0.87
0.875  -0.00147267 0.875
0.88  -0.00146531 0.88
0.885  0.00354202 0.885
0.89  0.00352431 0.89
0.895  -0.00149332 0.895
0.9  -0.00148585 0.9
0.905  0.00352158 0.905
0.91  0.00350397 0.91
0.915  -0.00151355 0.915
0.92  -0.00150598 0.92
0.925  0.00350155 0.925
0.93  0.00348404 0.93
0.935  -0.00153338 0.935
0.94  -0.00152571 0.94
0.945  0.00348192 0.945
0.95  0.00346451 0.95
0.955  -0.00155281 0.955
0.96  -0.00154505 0.96
0.965  0.00346267 0.965
0.97  0.00344536 0.97
0.975  -0.00157187 0.975
0.98  -0.00156401 0.98
0.985  0.00344381 0.985
0.99  0.00342659 0.99
0.995  -0.00159054 0.995
1  -0.00158259 1
