0  1 0
0.125664  1 0.125664
0.251327  0.848324 0.251327
0.376991  0.626826 0.376991
0.502655  0.621636 0.502655
0.628319  0.627951 0.628319
0.753982  0.440506 0.753982
0.879646  0.345652 0.879646
1.00531  0.427103 1.00531
1.13097  0.361226 1.13097
1.25664  0.195999 1.25664
1.3823  0.233186 1.3823
1.50796  0.298125 1.50796
1.63363  0.159828 1.63363
1.75929  0.0872471 1.75929
1.88496  0.19885 1.88496
2.01062  0.175615 2.01062
2.13628  0.0302539 2.13628
2.26195  0.0757427 2.26195
2.38761  0.169111 2.38761
2.51327  0.0559739 2.51327
2.63894  -0.0159052 2.63894
2.7646  0.104826 2.7646
2.89027  0.107343 2.89027
3.01593  -0.0313742 3.01593
3.14159  0.00872338 3.14159
3.26726  0.117887 3.26726
3.39292  0.0212697 3.39292
3.51858  -0.0577959 3.51858
3.64425  0.0628967 3.64425
3.76991  0.0844252 3.76991
3.89557  -0.0517987 3.89557
4.02124  -0.0227169 4.02124
4.1469  0.0964074 4.1469
4.27257  0.0135838 4.27257
4.39823  -0.0751192 4.39823
4.52389  0.0410459 4.52389
4.64956  0.0786993 4.64956
4.77522  -0.0556397 4.77522
4.90088  -0.0399367 4.90088
5.02655  0.0859248 5.02655
5.15221  0.0163866 5.15221
5.27788  -0.0821967 5.27788
5.40354  0.0268344 5.40354
5.5292  0.0791234 5.5292
5.65487  -0.0525654 5.65487
5.78053  -0.0512177 5.78053
5.90619  0.0791411 5.90619
6.03186  0.0231494 6.03186
6.15752  -0.0846188 6.15752
6.28319  0.0154733 6.28319
6.40885  0.0813519 6.40885
6.53451  -0.0464087 6.53451
6.66018  -0.0597388 6.66018
6.78584  0.0732389 6.78584
6.9115  0.0312521 6.9115
7.03717  -0.0845735 7.03717
7.16283  0.00516401 7.16283
7.28849  0.0836617 7.28849
7.41416  -0.0387282 7.41416
7.53982  -0.0666907 7.53982
7.66549  0.067158 7.66549
7.79115  0.0396037 7.79115
7.91681  -0.0829275 7.91681
8.04248  -0.00472358 8.04248
8.16814  0.085362 8.16814
8.2938  -0.0301978 8.2938
8.41947  -0.0724939 8.41947
8.54513  0.0605307 8.54513
8.6708  0.0477138 8.6708
8.79646  -0.0800397 8.79646
8.92212  -0.0143631 8.92212
9.04779  0.0861732 9.04779
9.17345  -0.0211493 9.17345
9.29911  -0.0772743 9.29911
9.42478  0.0532662 9.42478
9.55044  0.0553312 9.55044
9.67611  -0.0760779 9.67611
9.80177  -0.0237511 9.80177
9.92743  0.085984 9.92743
10.0531  -0.0117827 10.0531
10.1788  -0.0810501 10.1788
10.3044  0.0453866 10.3044
10.4301  0.0623025 10.4301
10.5558  -0.0711427 10.5558
10.6814  -0.0328165 10.6814
10.8071  0.0847574 10.8071
10.9327  -0.00224839 10.9327
11.0584  -0.0838048 11.0584
11.1841  0.036963 11.1841
11.3097  0.0685187 11.3097
11.4354  -0.0653154 11.4354
11.5611  -0.0414651 11.5611
11.6867  0.0824932 11.6867
11.8124  0.00732236 11.8124
11.9381  -0.0855162 11.9381
12.0637  0.0280891 12.0637
12.1894  0.0738937 12.1894
12.315  -0.0586757 12.315
12.4407  -0.0495968 12.4407
12.5664  0.0792133 12.5664
