0  0 0
0.00666667  0.00666667 0.00666667
0.0133333  0.00328889 0.0133333
0.02  -6.63704e-05 0.02
0.0266667  0.00660074 0.0266667
0.0333333  0.0032234 0.0333333
0.04  -0.000131422 0.04
0.0466667  0.00653612 0.0466667
0.0533333  0.00315921 0.0533333
0.06  -0.000195182 0.06
0.0666667  0.00647279 0.0666667
0.0733333  0.0030963 0.0733333
0.08  -0.000257674 0.08
0.0866667  0.00641071 0.0866667
0.0933333  0.00303464 0.0933333
0.1  -0.000318925 0.1
0.106667  0.00634987 0.106667
0.113333  0.0029742 0.113333
0.12  -0.00037896 0.12
0.126667  0.00629023 0.126667
0.133333  0.00291497 0.133333
0.14  -0.000437801 0.14
0.146667  0.00623178 0.146667
0.153333  0.00285691 0.153333
0.16  -0.000495474 0.16
0.166667  0.0061745 0.166667
0.173333  0.0028 0.173333
0.18  -0.000552001 0.18
0.186667  0.00611835 0.186667
0.193333  0.00274422 0.193333
0.2  -0.000607405 0.2
0.206667  0.00606331 0.206667
0.213333  0.00268956 0.213333
0.22  -0.000661708 0.22
0.226667  0.00600937 0.226667
0.233333  0.00263597 0.233333
0.24  -0.000714932 0.24
0.246667  0.0059565 0.246667
0.253333  0.00258346 0.253333
0.26  -0.000767099 0.26
0.266667  0.00590468 0.266667
0.273333  0.00253198 0.273333
0.28  -0.000818229 0.28
0.286667  0.00585389 0.286667
0.293333  0.00248153 0.293333
0.3  -0.000868344 0.3
0.306667  0.00580411 0.306667
0.313333  0.00243208 0.313333
0.32  -0.000917463 0.32
0.326667  0.00575532 0.326667
0.333333  0.00238362 0.333333
0.34  -0.000965606 0.34
0.346667  0.0057075 0.346667
0.353333  0.00233611 0.353333
0.36  -0.00101279 0.36
0.366667  0.00566063 0.366667
0.373333  0.00228956 0.373333
0.38  -0.00105904 0.38
0.386667  0.00561469 0.386667
0.393333  0.00224392 0.393333
0.4  -0.00110437 0.4
0.406667  0.00556966 0.406667
0.413333  0.00219919 0.413333
0.42  -0.0011488 0.42
0.426667  0.00552552 0.426667
0.433333  0.00215535 0.433333
0.44  -0.00119235 0.44
0.446667  0.00548227 0.446667
0.453333  0.00211238 0.453333
0.46  -0.00123503 0.46
0.466667  0.00543987 0.466667
0.473333  0.00207027 0.473333
0.48  -0.00127687 0.48
0.486667  0.00539831 0.486667
0.493333  0.00202899 0.493333
0.5  -0.00131787 0.5
0.506667  0.00535758 0.506667
0.513333  0.00198853 0.513333
0.52  -0.00135806 0.52
0.526667  0.00531766 0.526667
0.533333  0.00194888 0.533333
0.54  -0.00139745 0.54
0.546667  0.00527854 0.546667
0.553333  0.00191001 0.553333
0.56  -0.00143605 0.56
0.566667  0.00524019 0.566667
0.573333  0.00187192 0.573333
0.58  -0.00147389 0.58
0.586667  0.0052026 0.586667
0.593333  0.00183458 0.593333
0.6  -0.00151098 0.6
0.606667  0.00516576 0.606667
0.613333  0.00179799 0.613333
0.62  -0.00154733 0.62
0.626667  0.00512965 0.626667
0.633333  0.00176212 0.633333
0.64  -0.00158296 0.64
0.646667  0.00509426 0.646667
0.653333  0.00172696 0.653333
0.66  -0.00161789 0.66
0.666667  0.00505957 0.666667
0.673333  0.0016925 0.673333
0.68  -0.00165211 0.68
0.686667  0.00502557 0.686667
0.693333  0.00165873 0.693333
0.7  -0.00168566 0.7
0.706667  0.00499224 0.706667
0.713333  0.00162563 0.713333
0.72  -0.00171854 0.72
0.726667  0.00495958 0.726667
0.733333  0.00159318 0.733333
0.74  -0.00175077 0.74
0.746667  0.00492757 0.746667
0.753333  0.00156138 0.753333
0.76  -0.00178236 0.76
0.766667  0.00489619 0.766667
0.773333  0.00153022 0.773333
0.78  -0.00181332 0.78
0.786667  0.00486544 0.786667
0.793333  0.00149967 0.793333
0.8  -0.00184366 0.8
0.806667  0.00483529 0.806667
0.813333  0.00146972 0.813333
0.82  -0.00187341 0.82
0.826667  0.00480575 0.826667
0.833333  0.00144038 0.833333
0.84  -0.00190256 0.84
0.846667  0.00477679 0.846667
0.853333  0.00141161 0.853333
0.86  -0.00193113 0.86
0.866667  0.00474841 0.866667
0.873333  0.00138342 0.873333
0.88  -0.00195914 0.88
0.886667  0.00472059 0.886667
0.893333  0.00135579 0.893333
0.9  -0.00198658 0.9
0.906667  0.00469333 0.906667
0.913333  0.0013287 0.913333
0.92  -0.00201349 0.92
0.926667  0.0046666 0.926667
0.933333  0.00130216 0.933333
0.94  -0.00203986 0.94
0.946667  0.00464041 0.946667
0.953333  0.00127614 0.953333
0.96  -0.0020657 0.96
0.966667  0.00461474 0.966667
0.973333  0.00125064 0.973333
0.98  -0.00209103 0.98
0.986667  0.00458958 0.986667
0.993333  0.00122565 0.993333
1  -0.00211586 1
