0  1 0
0.0837758  1 0.0837758
0.167552  0.947655 0.167552
0.251327  0.808074 0.251327
0.335103  0.66378 0.335103
0.418879  0.610888 0.418879
0.502655  0.638344 0.502655
0.586431  0.641155 0.586431
0.670206  0.551044 0.670206
0.753982  0.42128 0.753982
0.837758  0.359655 0.837758
0.921534  0.393365 0.921534
1.00531  0.434647 1.00531
1.08909  0.390097 1.08909
1.17286  0.277075 1.17286
1.25664  0.201714 1.25664
1.34041  0.226026 1.34041
1.42419  0.290163 1.42419
1.50796  0.286977 1.50796
1.59174  0.195713 1.59174
1.67552  0.107753 1.67552
1.75929  0.112249 1.75929
1.84307  0.184557 1.84307
1.92684  0.216885 1.92684
2.01062  0.152864 2.01062
2.0944  0.0578625 2.0944
2.17817  0.0371904 2.17817
2.26195  0.104396 2.26195
2.34572  0.164241 2.34572
2.4295  0.131628 2.4295
2.51327  0.0378637 2.51327
2.59705  -0.00853847 2.59705
2.68083  0.042476 2.68083
2.7646  0.11989 2.7646
2.84838  0.120306 2.84838
2.93215  0.0371033 2.93215
3.01593  -0.0313345 3.01593
3.0997  -0.00460604 3.0997
3.18348  0.0791955 3.18348
3.26726  0.11105 3.26726
3.35103  0.0472111 3.35103
3.43481  -0.036154 3.43481
3.51858  -0.0381761 3.51858
3.60236  0.0406419 3.60236
3.68614  0.0990304 3.68614
3.76991  0.0614816 3.76991
3.85369  -0.0274123 3.85369
3.93746  -0.0587012 3.93746
4.02124  0.00475854 4.02124
4.10501  0.081873 4.10501
4.18879  0.074635 4.18879
4.27257  -0.0094151 4.27257
4.35634  -0.0666237 4.35634
4.44012  -0.0267638 4.44012
4.52389  0.059197 4.52389
4.60767  0.0827786 4.60767
4.69145  0.0135412 4.69145
4.77522  -0.0628837 4.77522
4.859  -0.0518081 4.859
4.94277  0.0321803 4.94277
5.02655  0.0834419 5.02655
5.11032  0.0372911 5.11032
5.1941  -0.049175 5.1941
5.27788  -0.0684318 5.27788
5.36165  0.00310245 5.36165
5.44543  0.0755938 5.44543
5.5292  0.0580494 5.5292
5.61298  -0.0279776 5.61298
5.69675  -0.0753247 5.69675
5.78053  -0.0251366 5.78053
5.86431  0.0595843 5.86431
5.94808  0.0727062 5.94808
6.03186  -0.00240814 6.03186
6.11563  -0.0721125 6.11563
6.19941  -0.0495029 6.19941
6.28319  0.0369826 6.28319
6.36696  0.0790997 6.36696
6.45074  0.0240626 6.45074
6.53451  -0.059494 6.53451
6.61829  -0.0672846 6.61829
6.70206  0.0103074 6.70206
6.78584  0.076211 6.78584
6.86962  0.0479708 6.86962
6.95339  -0.0392147 6.95339
7.03717  -0.0764791 7.03717
7.12094  -0.0173323 7.12094
7.20472  0.0642434 7.20472
7.28849  0.0662434 7.28849
7.37227  -0.0138906 7.37227
7.45605  -0.0760744 7.45605
7.53982  -0.0426503 7.53982
7.6236  0.0445682 7.6236
7.70737  0.0765479 7.70737
7.79115  0.0132878 7.79115
7.87493  -0.066195 7.87493
7.9587  -0.0626078 7.9587
8.04248  0.0195373 8.04248
8.12625  0.0775619 8.12625
8.21003  0.0389316 8.21003
8.2938  -0.0481023 8.2938
8.37758  -0.0747997 8.37758
8.46136  -0.00781743 8.46136
8.54513  0.0691236 8.54513
8.62891  0.0598591 8.62891
8.71268  -0.0240482 8.71268
8.79646  -0.077758 8.79646
8.88024  -0.0341647 8.88024
8.96401  0.0522446 8.96401
9.04779  0.0734794 9.04779
9.13156  0.00299456 9.13156
9.21534  -0.0711382 9.21534
9.29911  -0.0562876 9.29911
9.38289  0.0289812 9.38289
9.46667  0.0781065 9.46667
9.55044  0.0296935 9.55044
9.63422  -0.0557647 9.63422
9.71799  -0.0714815 9.71799
9.80177  0.00217877 9.80177
9.88554  0.0731632 9.88554
9.96932  0.0527631 9.96932
10.0531  -0.0335324 10.0531
10.1369  -0.0778886 10.1369
10.2206  -0.0248792 10.2206
10.3044  0.0592503 10.3044
10.3882  0.0693662 10.3882
10.472  -0.00717514 10.472
10.5558  -0.0747269 10.5558
10.6395  -0.0488758 10.6395
10.7233  0.0380718 10.7233
10.8071  0.0774614 10.8071
10.8909  0.0200687 10.8909
10.9746  -0.0623876 10.9746
11.0584  -0.0668683 11.0584
11.1422  0.0122247 11.1422
11.226  0.0760528 11.226
11.3097  0.0448531 11.3097
11.3935  -0.042387 11.3935
11.4773  -0.0766498 11.4773
11.5611  -0.01512 11.5611
11.6448  0.0653118 11.6448
11.7286  0.0641344 11.7286
11.8124  -0.0171814 11.8124
11.8962  -0.077021 11.8962
11.9799  -0.040607 11.9799
12.0637  0.0465558 12.0637
12.1475  0.0755451 12.1475
12.2313  0.0101345 12.2313
12.315  -0.0679369 12.315
12.3988  -0.0611084 12.3988
12.4826  0.0220865 12.4826
12.5664  0.0776842 12.5664
