0  1 0
0.0628319  1 0.0628319
0.125664  0.976732 0.125664
0.188496  0.902356 0.188496
0.251327  0.789716 0.251327
0.314159  0.682649 0.314159
0.376991  0.623354 0.376991
0.439823  0.620977 0.439823
0.502655  0.644695 0.502655
0.565487  0.646403 0.565487
0.628319  0.596219 0.628319
0.69115  0.504491 0.69115
0.753982  0.414019 0.753982
0.816814  0.368257 0.816814
0.879646  0.37902 0.879646
0.942478  0.417649 0.942478
1.00531  0.436145 1.00531
1.06814  0.402638 1.06814
1.13097  0.324917 1.13097
1.19381  0.244585 1.19381
1.25664  0.206183 1.25664
1.31947  0.224136 1.31947
1.3823  0.272013 1.3823
1.44513  0.302043 1.44513
1.50796  0.280448 1.50796
1.5708  0.21241 1.5708
1.63363  0.138188 1.63363
1.69646  0.103257 1.69646
1.75929  0.124589 1.75929
1.82212  0.178045 1.82212
1.88496  0.216216 1.88496
1.94779  0.203507 1.94779
2.01062  0.142466 2.01062
2.07345  0.0718683 2.07345
2.13628  0.0379719 2.13628
2.19911  0.0602313 2.19911
2.26195  0.116865 2.26195
2.32478  0.160965 2.32478
2.38761  0.155219 2.38761
2.45044  0.0995234 2.45044
2.51327  0.0310439 2.51327
2.57611  -0.00332931 2.57611
2.63894  0.0182744 2.63894
2.70177  0.0764922 2.70177
2.7646  0.125055 2.7646
2.82743  0.125042 2.82743
2.89027  0.0736963 2.89027
2.9531  0.00645202 2.9531
3.01593  -0.0293175 3.01593
3.07876  -0.00939795 3.07876
3.14159  0.0493229 3.14159
3.20442  0.101353 3.20442
3.26726  0.106283 3.26726
3.33009  0.0587039 3.33009
3.39292  -0.00779231 3.39292
3.45575  -0.0454991 3.45575
3.51858  -0.0279356 3.51858
3.58142  0.0305344 3.58142
3.64425  0.0853359 3.64425
3.70708  0.0946903 3.70708
3.76991  0.0505538 3.76991
3.83274  -0.01543 3.83274
3.89557  -0.0553709 3.89557
3.95841  -0.0406056 3.95841
4.02124  0.0170697 4.02124
4.08407  0.074132 4.08407
4.1469  0.0875631 4.1469
4.20973  0.046707 4.20973
4.27257  -0.0188405 4.27257
4.3354  -0.0611548 4.3354
4.39823  -0.0494792 4.39823
4.46106  0.00699229 4.46106
4.52389  0.0659229 4.52389
4.58673  0.0831865 4.58673
4.64956  0.0455473 4.64956
4.71239  -0.0195392 4.71239
4.77522  -0.0642626 4.77522
4.83805  -0.0558693 4.83805
4.90088  -0.000922561 4.90088
4.96372  0.0595569 4.96372
5.02655  0.080471 5.02655
5.08938  0.0460446 5.08938
5.15221  -0.0184926 5.15221
5.21504  -0.0655927 5.21504
5.27788  -0.0606067 5.27788
5.34071  -0.00744775 5.34071
5.40354  0.0543063 5.40354
5.46637  0.0787248 5.46637
5.5292  0.047541 5.5292
5.59203  -0.016319 5.59203
5.65487  -0.0657175 5.65487
5.7177  -0.0642173 5.7177
5.78053  -0.0130694 5.78053
5.84336  0.0497131 5.84336
5.90619  0.0775084 5.90619
5.96903  0.0496151 5.96903
6.03186  -0.0134158 6.03186
6.09469  -0.0650024 6.09469
6.15752  -0.0670327 6.15752
6.22035  -0.0180916 6.22035
6.28319  0.0454901 6.28319
6.34602  0.0765433 6.34602
6.40885  0.051996 6.40885
6.47168  -0.0100398 6.47168
6.53451  -0.0636823 6.53451
6.59734  -0.069262 6.59734
6.66018  -0.0227028 6.66018
6.72301  0.041459 6.72301
6.78584  0.0756534 6.78584
6.84867  0.0545083 6.84867
6.9115  -0.00635897 6.9115
6.97434  -0.0619086 6.97434
7.03717  -0.0710367 7.03717
7.1  -0.0270185 7.1
7.16283  0.037511 7.16283
7.22566  0.0747274 7.22566
7.28849  0.0570375 7.28849
7.35133  -0.00248463 7.35133
7.41416  -0.0597805 7.41416
7.47699  -0.072439 7.47699
7.53982  -0.0311076 7.53982
7.60265  0.033581 7.60265
7.66549  0.073696 7.66549
7.72832  0.0595081 7.72832
7.79115  0.00150778 7.79115
7.85398  -0.0573642 7.85398
7.91681  -0.0735204 7.91681
7.97965  -0.0350095 7.97965
8.04248  0.0296324 8.04248
8.10531  0.0725166 8.10531
8.16814  0.0618695 8.16814
8.23097  0.00556562 8.23097
8.2938  -0.0547047 8.2938
8.35664  -0.0743129 8.35664
8.41947  -0.0387456 8.41947
8.4823  0.0256462 8.4823
8.54513  0.0711635 8.54513
8.60796  0.064087 8.60796
8.6708  0.00965074 8.6708
8.73363  -0.0518344 8.73363
8.79646  -0.0748366 8.79646
8.85929  -0.0423252 8.85929
8.92212  0.0216151 8.92212
8.98495  0.0696226 8.98495
9.04779  0.0661366 9.04779
9.11062  0.0137343 9.11062
9.17345  -0.0487774 9.17345
9.23628  -0.075104 9.23628
9.29911  -0.0457507 9.29911
9.36195  0.0175388 9.36195
9.42478  0.0678869 9.42478
9.48761  0.0680007 9.48761
9.55044  0.0177933 9.55044
9.61327  -0.0455527 9.61327
9.67611  -0.0751233 9.67611
9.73894  -0.0490199 9.73894
9.80177  0.0134222 9.80177
9.8646  0.0659541 9.8646
9.92743  0.0696668 9.92743
9.99026  0.0218086 9.99026
10.0531  -0.0421765 10.0531
10.1159  -0.0749004 10.1159
10.1788  -0.0521282 10.1788
10.2416  0.00927291 10.2416
10.3044  0.0638257 10.3044
10.3673  0.0711251 10.3673
10.4301  0.0257638 10.4301
10.4929  -0.038663 10.4929
10.5558  -0.0744396 10.5558
10.6186  -0.0550693 10.6186
10.6814  0.00510048 10.6814
10.7442  0.0615051 10.7442
10.8071  0.0723684 10.8071
10.8699  0.0296439 10.8699
10.9327  -0.0350258 10.9327
10.9956  -0.0737445 10.9956
11.0584  -0.0578364 11.0584
11.1212  0.000915828 11.1212
11.1841  0.0589976 11.1841
11.2469  0.073391 11.2469
11.3097  0.0334352 11.3097
11.3726  -0.0312774 11.3726
11.4354  -0.0728188 11.4354
11.4982  -0.0604222 11.4982
11.5611  -0.00326941 11.5611
11.6239  0.0563098 11.6239
11.6867  0.0741887 11.6867
11.7496  0.037125 11.7496
11.8124  -0.0274307 11.8124
11.8752  -0.0716663 11.8752
11.9381  -0.0628197 11.9381
12.0009  -0.00744311 12.0009
12.0637  0.0534493 12.0637
12.1265  0.0747581 12.1265
12.1894  0.0407012 12.1894
12.2522  -0.023498 12.2522
12.315  -0.0702912 12.315
12.3779  -0.0650219 12.3779
12.4407  -0.0115929 12.4407
12.5035  0.0504243 12.5035
12.5664  0.0750973 12.5664
