0  1 0
0.251327  1 0.251327
0.502655  0.518884 0.502655
0.753982  0.557339 0.753982
1.00531  0.338267 1.00531
1.25664  0.228841 1.25664
1.50796  0.294961 1.50796
1.75929  0.0191623 1.75929
2.01062  0.25948 2.01062
2.26195  -0.0523198 2.26195
2.51327  0.166602 2.51327
2.7646  -0.0049599 2.7646
3.01593  0.0276661 3.01593
3.26726  0.0930229 3.26726
3.51858  -0.0939619 3.51858
3.76991  0.156513 3.76991
4.02124  -0.134053 4.02124
4.27257  0.132178 4.27257
4.52389  -0.0750343 4.52389
4.77522  0.0294466 4.77522
5.02655  0.0394682 5.02655
5.27788  -0.0879324 5.27788
5.5292  0.131571 5.5292
5.78053  -0.144988 5.78053
6.03186  0.139297 6.03186
6.28319  -0.105431 6.28319
6.53451  0.0567129 6.53451
6.78584  0.00413539 6.78584
7.03717  -0.0624706 7.03717
7.28849  0.111449 7.28849
7.53982  -0.140314 7.53982
7.79115  0.145887 7.79115
8.04248  -0.125887 8.04248
8.2938  0.0847356 8.2938
8.54513  -0.0287424 8.54513
8.79646  -0.0319394 8.79646
9.04779  0.0873248 9.04779
9.29911  -0.12761 9.29911
9.55044  0.146122 9.55044
9.80177  -0.139514 9.80177
10.0531  0.10905 10.0531
10.3044  -0.0598531 10.3044
10.5558  0.00042847 10.5558
10.8071  0.059093 10.8071
11.0584  -0.108468 11.0584
11.3097  0.139266 11.3097
11.5611  -0.146183 11.5611
11.8124  0.128052 11.8124
12.0637  -0.0879677 12.0637
12.315  0.0328098 12.315
12.5664  0.0279748 12.5664
