0  1 0
0.251327  0.968584 -0.248689
0.502655  0.876308 -0.481751
0.753982  0.728971 -0.684544
1.00531  0.535831 -0.844325
1.25664  0.309024 -0.951054
1.50796  0.0627988 -0.998026
1.75929  -0.187372 -0.982289
2.01062  -0.425769 -0.904832
2.26195  -0.637414 -0.770521
2.51327  -0.809009 -0.587796
2.7646  -0.929771 -0.368139
3.01593  -0.992113 -0.12535
3.26726  -0.992117 0.125315
3.51858  -0.929784 0.368106
3.76991  -0.809029 0.587768
4.02124  -0.637441 0.770499
4.27257  -0.425801 0.904817
4.52389  -0.187406 0.982283
4.77522  0.0627642 0.998028
5.02655  0.308991 0.951065
5.27788  0.535802 0.844344
5.5292  0.728948 0.684569
5.78053  0.876291 0.481782
6.03186  0.968575 0.248722
6.28319  1 3.46873e-05
6.53451  0.968592 -0.248655
6.78584  0.876325 -0.481721
7.03717  0.728995 -0.684519
7.28849  0.535861 -0.844306
7.53982  0.309057 -0.951044
7.79115  0.0628334 -0.998024
8.04248  -0.187338 -0.982296
8.2938  -0.425738 -0.904847
8.54513  -0.637388 -0.770543
8.79646  -0.808988 -0.587825
9.04779  -0.929758 -0.368171
9.29911  -0.992108 -0.125384
9.55044  -0.992121 0.125281
9.80177  -0.929796 0.368074
10.0531  -0.80905 0.58774
10.3044  -0.637468 0.770477
10.5558  -0.425832 0.904802
10.8071  -0.18744 0.982276
11.0584  0.0627296 0.998031
11.3097  0.308958 0.951076
11.5611  0.535773 0.844362
11.8124  0.728924 0.684595
12.0637  0.876275 0.481812
12.315  0.968566 0.248756
12.5664  1 6.93747e-05
