0  1 0
0.251327  0.968583 -0.24869
0.502655  0.876307 -0.481754
0.753982  0.728969 -0.684547
1.00531  0.535827 -0.844328
1.25664  0.309017 -0.951057
1.50796  0.0627905 -0.998027
1.75929  -0.187381 -0.982287
2.01062  -0.425779 -0.904827
2.26195  -0.637424 -0.770513
2.51327  -0.809017 -0.587785
2.7646  -0.929776 -0.368125
3.01593  -0.992115 -0.125333
3.26726  -0.992115 0.125333
3.51858  -0.929776 0.368125
3.76991  -0.809017 0.587785
4.02124  -0.637424 0.770513
4.27257  -0.425779 0.904827
4.52389  -0.187381 0.982287
4.77522  0.0627905 0.998027
5.02655  0.309017 0.951057
5.27788  0.535827 0.844328
5.5292  0.728969 0.684547
5.78053  0.876307 0.481754
6.03186  0.968583 0.24869
6.28319  1 -2.2423e-12
6.53451  0.968583 -0.24869
6.78584  0.876307 -0.481754
7.03717  0.728969 -0.684547
7.28849  0.535827 -0.844328
7.53982  0.309017 -0.951057
7.79115  0.0627905 -0.998027
8.04248  -0.187381 -0.982287
8.2938  -0.425779 -0.904827
8.54513  -0.637424 -0.770513
8.79646  -0.809017 -0.587785
9.04779  -0.929776 -0.368125
9.29911  -0.992115 -0.125333
9.55044  -0.992115 0.125333
9.80177  -0.929776 0.368125
10.0531  -0.809017 0.587785
10.3044  -0.637424 0.770513
10.5558  -0.425779 0.904827
10.8071  -0.187381 0.982287
11.0584  0.0627905 0.998027
11.3097  0.309017 0.951057
11.5611  0.535827 0.844328
11.8124  0.728969 0.684547
12.0637  0.876307 0.481754
12.315  0.968583 0.24869
12.5664  1 -4.48445e-12
