0  1 0
0.0837758  0.996493 -0.0836778
0.167552  0.985996 -0.166769
0.251327  0.968583 -0.24869
0.335103  0.944376 -0.328867
0.418879  0.913545 -0.406737
0.502655  0.876307 -0.481754
0.586431  0.832921 -0.553392
0.670206  0.783693 -0.621148
0.753982  0.728969 -0.684547
0.837758  0.669131 -0.743145
0.921534  0.604599 -0.79653
1.00531  0.535827 -0.844328
1.08909  0.463296 -0.886204
1.17286  0.387516 -0.921863
1.25664  0.309017 -0.951057
1.34041  0.228351 -0.973579
1.42419  0.146083 -0.989272
1.50796  0.0627905 -0.998027
1.59174  -0.0209424 -0.999781
1.67552  -0.104528 -0.994522
1.75929  -0.187381 -0.982287
1.84307  -0.26892 -0.963163
1.92684  -0.348572 -0.937282
2.01062  -0.425779 -0.904827
2.0944  -0.5 -0.866025
2.17817  -0.570714 -0.821149
2.26195  -0.637424 -0.770513
2.34572  -0.699663 -0.714473
2.4295  -0.756995 -0.653421
2.51327  -0.809017 -0.587785
2.59705  -0.855364 -0.518027
2.68083  -0.895712 -0.444635
2.7646  -0.929776 -0.368125
2.84838  -0.957319 -0.289032
2.93215  -0.978148 -0.207912
3.01593  -0.992115 -0.125333
3.0997  -0.999123 -0.0418757
3.18348  -0.999123 0.0418757
3.26726  -0.992115 0.125333
3.35103  -0.978148 0.207912
3.43481  -0.957319 0.289032
3.51858  -0.929776 0.368125
3.60236  -0.895712 0.444635
3.68614  -0.855364 0.518027
3.76991  -0.809017 0.587785
3.85369  -0.756995 0.653421
3.93746  -0.699663 0.714473
4.02124  -0.637424 0.770513
4.10501  -0.570714 0.821149
4.18879  -0.5 0.866025
4.27257  -0.425779 0.904827
4.35634  -0.348572 0.937282
4.44012  -0.26892 0.963163
4.52389  -0.187381 0.982287
4.60767  -0.104528 0.994522
4.69145  -0.0209424 0.999781
4.77522  0.0627905 0.998027
4.859  0.146083 0.989272
4.94277  0.228351 0.973579
5.02655  0.309017 0.951057
5.11032  0.387516 0.921863
5.1941  0.463296 0.886204
5.27788  0.535827 0.844328
5.36165  0.604599 0.79653
5.44543  0.669131 0.743145
5.5292  0.728969 0.684547
5.61298  0.783693 0.621148
5.69675  0.832921 0.553392
5.78053  0.876307 0.481754
5.86431  0.913545 0.406737
5.94808  0.944376 0.328867
6.03186  0.968583 0.24869
6.11563  0.985996 0.166769
6.19941  0.996493 0.0836778
6.28319  1 2.15459e-11
6.36696  0.996493 -0.0836778
6.45074  0.985996 -0.166769
6.53451  0.968583 -0.24869
6.61829  0.944376 -0.328867
6.70206  0.913545 -0.406737
6.78584  0.876307 -0.481754
6.86962  0.832921 -0.553392
6.95339  0.783693 -0.621148
7.03717  0.728969 -0.684547
7.12094  0.669131 -0.743145
7.20472  0.604599 -0.79653
7.28849  0.535827 -0.844328
7.37227  0.463296 -0.886204
7.45605  0.387516 -0.921863
7.53982  0.309017 -0.951057
7.6236  0.228351 -0.973579
7.70737  0.146083 -0.989272
7.79115  0.0627905 -0.998027
7.87493  -0.0209424 -0.999781
7.9587  -0.104528 -0.994522
8.04248  -0.187381 -0.982287
8.12625  -0.26892 -0.963163
8.21003  -0.348572 -0.937282
8.2938  -0.425779 -0.904827
8.37758  -0.5 -0.866025
8.46136  -0.570714 -0.821149
8.54513  -0.637424 -0.770513
8.62891  -0.699663 -0.714473
8.71268  -0.756995 -0.653421
8.79646  -0.809017 -0.587785
8.88024  -0.855364 -0.518027
8.96401  -0.895712 -0.444635
9.04779  -0.929776 -0.368125
9.13156  -0.957319 -0.289032
9.21534  -0.978148 -0.207912
9.29911  -0.992115 -0.125333
9.38289  -0.999123 -0.0418757
9.46667  -0.999123 0.0418757
9.55044  -0.992115 0.125333
9.63422  -0.978148 0.207912
9.71799  -0.957319 0.289032
9.80177  -0.929776 0.368125
9.88554  -0.895712 0.444635
9.96932  -0.855364 0.518027
10.0531  -0.809017 0.587785
10.1369  -0.756995 0.653421
10.2206  -0.699663 0.714473
10.3044  -0.637424 0.770513
10.3882  -0.570714 0.821149
10.472  -0.5 0.866025
10.5558  -0.425779 0.904827
10.6395  -0.348572 0.937282
10.7233  -0.26892 0.963163
10.8071  -0.187381 0.982287
10.8909  -0.104528 0.994522
10.9746  -0.0209424 0.999781
11.0584  0.0627905 0.998027
11.1422  0.146083 0.989272
11.226  0.228351 0.973579
11.3097  0.309017 0.951057
11.3935  0.387516 0.921863
11.4773  0.463296 0.886204
11.5611  0.535827 0.844328
11.6448  0.604599 0.79653
11.7286  0.669131 0.743145
11.8124  0.728969 0.684547
11.8962  0.783693 0.621148
11.9799  0.832921 0.553392
12.0637  0.876307 0.481754
12.1475  0.913545 0.406737
12.2313  0.944376 0.328867
12.315  0.968583 0.24869
12.3988  0.985996 0.166769
12.4826  0.996493 0.0836778
12.5664  1 4.30919e-11
