0  1 0
0.0628319  0.998027 -0.0627905
0.125664  0.992115 -0.125333
0.188496  0.982287 -0.187381
0.251327  0.968583 -0.24869
0.314159  0.951057 -0.309017
0.376991  0.929776 -0.368125
0.439823  0.904827 -0.425779
0.502655  0.876307 -0.481754
0.565487  0.844328 -0.535827
0.628319  0.809017 -0.587785
0.69115  0.770513 -0.637424
0.753982  0.728969 -0.684547
0.816814  0.684547 -0.728969
0.879646  0.637424 -0.770513
0.942478  0.587785 -0.809017
1.00531  0.535827 -0.844328
1.06814  0.481754 -0.876307
1.13097  0.425779 -0.904827
1.19381  0.368125 -0.929776
1.25664  0.309017 -0.951057
1.31947  0.24869 -0.968583
1.3823  0.187381 -0.982287
1.44513  0.125333 -0.992115
1.50796  0.0627905 -0.998027
1.5708  9.58556e-13 -1
1.63363  -0.0627905 -0.998027
1.69646  -0.125333 -0.992115
1.75929  -0.187381 -0.982287
1.82212  -0.24869 -0.968583
1.88496  -0.309017 -0.951057
1.94779  -0.368125 -0.929776
2.01062  -0.425779 -0.904827
2.07345  -0.481754 -0.876307
2.13628  -0.535827 -0.844328
2.19911  -0.587785 -0.809017
2.26195  -0.637424 -0.770513
2.32478  -0.684547 -0.728969
2.38761  -0.728969 -0.684547
2.45044  -0.770513 -0.637424
2.51327  -0.809017 -0.587785
2.57611  -0.844328 -0.535827
2.63894  -0.876307 -0.481754
2.70177  -0.904827 -0.425779
2.7646  -0.929776 -0.368125
2.82743  -0.951057 -0.309017
2.89027  -0.968583 -0.24869
2.9531  -0.982287 -0.187381
3.01593  -0.992115 -0.125333
3.07876  -0.998027 -0.0627905
3.14159  -1 -1.91738e-12
3.20442  -0.998027 0.0627905
3.26726  -0.992115 0.125333
3.33009  -0.982287 0.187381
3.39292  -0.968583 0.24869
3.45575  -0.951057 0.309017
3.51858  -0.929776 0.368125
3.58142  -0.904827 0.425779
3.64425  -0.876307 0.481754
3.70708  -0.844328 0.535827
3.76991  -0.809017 0.587785
3.83274  -0.770513 0.637424
3.89557  -0.728969 0.684547
3.95841  -0.684547 0.728969
4.02124  -0.637424 0.770513
4.08407  -0.587785 0.809017
4.1469  -0.535827 0.844328
4.20973  -0.481754 0.876307
4.27257  -0.425779 0.904827
4.3354  -0.368125 0.929776
4.39823  -0.309017 0.951057
4.46106  -0.24869 0.968583
4.52389  -0.187381 0.982287
4.58673  -0.125333 0.992115
4.64956  -0.0627905 0.998027
4.71239  -2.87655e-12 1
4.77522  0.0627905 0.998027
4.83805  0.125333 0.992115
4.90088  0.187381 0.982287
4.96372  0.24869 0.968583
5.02655  0.309017 0.951057
5.08938  0.368125 0.929776
5.15221  0.425779 0.904827
5.21504  0.481754 0.876307
5.27788  0.535827 0.844328
5.34071  0.587785 0.809017
5.40354  0.637424 0.770513
5.46637  0.684547 0.728969
5.5292  0.728969 0.684547
5.59203  0.770513 0.637424
5.65487  0.809017 0.587785
5.7177  0.844328 0.535827
5.78053  0.876307 0.481754
5.84336  0.904827 0.425779
5.90619  0.929776 0.368125
5.96903  0.951057 0.309017
6.03186  0.968583 0.24869
6.09469  0.982287 0.187381
6.15752  0.992115 0.125333
6.22035  0.998027 0.0627905
6.28319  1 3.83557e-12
6.34602  0.998027 -0.0627905
6.40885  0.992115 -0.125333
6.47168  0.982287 -0.187381
6.53451  0.968583 -0.24869
6.59734  0.951057 -0.309017
6.66018  0.929776 -0.368125
6.72301  0.904827 -0.425779
6.78584  0.876307 -0.481754
6.84867  0.844328 -0.535827
6.9115  0.809017 -0.587785
6.97434  0.770513 -0.637424
7.03717  0.728969 -0.684547
7.1  0.684547 -0.728969
7.16283  0.637424 -0.770513
7.22566  0.587785 -0.809017
7.28849  0.535827 -0.844328
7.35133  0.481754 -0.876307
7.41416  0.425779 -0.904827
7.47699  0.368125 -0.929776
7.53982  0.309017 -0.951057
7.60265  0.24869 -0.968583
7.66549  0.187381 -0.982287
7.72832  0.125333 -0.992115
7.79115  0.0627905 -0.998027
7.85398  4.79446e-12 -1
7.91681  -0.0627905 -0.998027
7.97965  -0.125333 -0.992115
8.04248  -0.187381 -0.982287
8.10531  -0.24869 -0.968583
8.16814  -0.309017 -0.951057
8.23097  -0.368125 -0.929776
8.2938  -0.425779 -0.904827
8.35664  -0.481754 -0.876307
8.41947  -0.535827 -0.844328
8.4823  -0.587785 -0.809017
8.54513  -0.637424 -0.770513
8.60796  -0.684547 -0.728969
8.6708  -0.728969 -0.684547
8.73363  -0.770513 -0.637424
8.79646  -0.809017 -0.587785
8.85929  -0.844328 -0.535827
8.92212  -0.876307 -0.481754
8.98495  -0.904827 -0.425779
9.04779  -0.929776 -0.368125
9.11062  -0.951057 -0.309017
9.17345  -0.968583 -0.24869
9.23628  -0.982287 -0.187381
9.29911  -0.992115 -0.125333
9.36195  -0.998027 -0.0627905
9.42478  -1 -5.75366e-12
9.48761  -0.998027 0.0627905
9.55044  -0.992115 0.125333
9.61327  -0.982287 0.187381
9.67611  -0.968583 0.24869
9.73894  -0.951057 0.309017
9.80177  -0.929776 0.368125
9.8646  -0.904827 0.425779
9.92743  -0.876307 0.481754
9.99026  -0.844328 0.535827
10.0531  -0.809017 0.587785
10.1159  -0.770513 0.637424
10.1788  -0.728969 0.684547
10.2416  -0.684547 0.728969
10.3044  -0.637424 0.770513
10.3673  -0.587785 0.809017
10.4301  -0.535827 0.844328
10.4929  -0.481754 0.876307
10.5558  -0.425779 0.904827
10.6186  -0.368125 0.929776
10.6814  -0.309017 0.951057
10.7442  -0.24869 0.968583
10.8071  -0.187381 0.982287
10.8699  -0.125333 0.992115
10.9327  -0.0627905 0.998027
10.9956  -6.71236e-12 1
11.0584  0.0627905 0.998027
11.1212  0.125333 0.992115
11.1841  0.187381 0.982287
11.2469  0.24869 0.968583
11.3097  0.309017 0.951057
11.3726  0.368125 0.929776
11.4354  0.425779 0.904827
11.4982  0.481754 0.876307
11.5611  0.535827 0.844328
11.6239  0.587785 0.809017
11.6867  0.637424 0.770513
11.7496  0.684547 0.728969
11.8124  0.728969 0.684547
11.8752  0.770513 0.637424
11.9381  0.809017 0.587785
12.0009  0.844328 0.535827
12.0637  0.876307 0.481754
12.1265  0.904827 0.425779
12.1894  0.929776 0.368125
12.2522  0.951057 0.309017
12.315  0.968583 0.24869
12.3779  0.982287 0.187381
12.4407  0.992115 0.125333
12.5035  0.998027 0.0627905
12.5664  1 7.6713e-12
