0  0 0
0.00666667  0.00474899 0.00666667
0.0133333  -0.000265698 0.0133333
0.02  -2.9835e-05 0.02
0.0266667  0.00471935 0.0266667
0.0333333  -0.000295137 0.0333333
0.04  -5.90782e-05 0.04
0.0466667  0.00469031 0.0466667
0.0533333  -0.000323992 0.0533333
0.06  -8.77416e-05 0.06
0.0666667  0.00466183 0.0666667
0.0733333  -0.000352276 0.0733333
0.08  -0.000115836 0.08
0.0866667  0.00463393 0.0866667
0.0933333  -0.000379998 0.0933333
0.1  -0.000143374 0.1
0.106667  0.00460657 0.106667
0.113333  -0.00040717 0.113333
0.12  -0.000170366 0.12
0.126667  0.00457976 0.126667
0.133333  -0.000433804 0.133333
0.14  -0.000196822 0.14
0.146667  0.00455348 0.146667
0.153333  -0.000459909 0.153333
0.16  -0.000222754 0.16
0.166667  0.00452772 0.166667
0.173333  -0.000485497 0.173333
0.18  -0.000248171 0.18
0.186667  0.00450247 0.186667
0.193333  -0.000510577 0.193333
0.2  -0.000273085 0.2
0.206667  0.00447772 0.206667
0.213333  -0.00053516 0.213333
0.22  -0.000297504 0.22
0.226667  0.00445347 0.226667
0.233333  -0.000559255 0.233333
0.24  -0.000321439 0.24
0.246667  0.00442969 0.246667
0.253333  -0.000582873 0.253333
0.26  -0.000344899 0.26
0.266667  0.00440639 0.266667
0.273333  -0.000606022 0.273333
0.28  -0.000367894 0.28
0.286667  0.00438354 0.286667
0.293333  -0.000628712 0.293333
0.3  -0.000390433 0.3
0.306667  0.00436116 0.306667
0.313333  -0.000650952 0.313333
0.32  -0.000412525 0.32
0.326667  0.00433921 0.326667
0.333333  -0.000672751 0.333333
0.34  -0.000434179 0.34
0.346667  0.0043177 0.346667
0.353333  -0.000694118 0.353333
0.36  -0.000455404 0.36
0.366667  0.00429662 0.366667
0.373333  -0.000715061 0.373333
0.38  -0.000476207 0.38
0.386667  0.00427595 0.386667
0.393333  -0.000735588 0.393333
0.4  -0.000496598 0.4
0.406667  0.0042557 0.406667
0.413333  -0.000755709 0.413333
0.42  -0.000516585 0.42
0.426667  0.00423584 0.426667
0.433333  -0.00077543 0.433333
0.44  -0.000536175 0.44
0.446667  0.00421638 0.446667
0.453333  -0.000794761 0.453333
0.46  -0.000555377 0.46
0.466667  0.00419731 0.466667
0.473333  -0.000813708 0.473333
0.48  -0.000574198 0.48
0.486667  0.00417861 0.486667
0.493333  -0.000832279 0.493333
0.5  -0.000592646 0.5
0.506667  0.00416029 0.506667
0.513333  -0.000850482 0.513333
0.52  -0.000610728 0.52
0.526667  0.00414233 0.526667
0.533333  -0.000868324 0.533333
0.54  -0.000628451 0.54
0.546667  0.00412472 0.546667
0.553333  -0.000885812 0.553333
0.56  -0.000645823 0.56
0.566667  0.00410747 0.566667
0.573333  -0.000902954 0.573333
0.58  -0.00066285 0.58
0.586667  0.00409055 0.586667
0.593333  -0.000919755 0.593333
0.6  -0.00067954 0.6
0.606667  0.00407397 0.606667
0.613333  -0.000936223 0.613333
0.62  -0.000695898 0.62
0.626667  0.00405772 0.626667
0.633333  -0.000952365 0.633333
0.64  -0.000711933 0.64
0.646667  0.0040418 0.646667
0.653333  -0.000968187 0.653333
0.66  -0.000727649 0.66
0.666667  0.00402618 0.666667
0.673333  -0.000983694 0.673333
0.68  -0.000743053 0.68
0.686667  0.00401088 0.686667
0.693333  -0.000998895 0.693333
0.7  -0.000758152 0.7
0.706667  0.00399588 0.706667
0.713333  -0.00101379 0.713333
0.72  -0.000772952 0.72
0.726667  0.00398118 0.726667
0.733333  -0.0010284 0.733333
0.74  -0.000787458 0.74
0.746667  0.00396677 0.746667
0.753333  -0.00104271 0.753333
0.76  -0.000801677 0.76
0.766667  0.00395265 0.766667
0.773333  -0.00105674 0.773333
0.78  -0.000815613 0.78
0.786667  0.00393881 0.786667
0.793333  -0.00107049 0.793333
0.8  -0.000829273 0.8
0.806667  0.00392524 0.806667
0.813333  -0.00108397 0.813333
0.82  -0.000842662 0.82
0.826667  0.00391194 0.826667
0.833333  -0.00109718 0.833333
0.84  -0.000855786 0.84
0.846667  0.0038989 0.846667
0.853333  -0.00111013 0.853333
0.86  -0.000868649 0.86
0.866667  0.00388612 0.866667
0.873333  -0.00112282 0.873333
0.88  -0.000881258 0.88
0.886667  0.0038736 0.886667
0.893333  -0.00113527 0.893333
0.9  -0.000893616 0.9
0.906667  0.00386132 0.906667
0.913333  -0.00114746 0.913333
0.92  -0.000905729 0.92
0.926667  0.00384929 0.926667
0.933333  -0.00115941 0.933333
0.94  -0.000917602 0.94
0.946667  0.00383749 0.946667
0.953333  -0.00117113 0.953333
0.96  -0.00092924 0.96
0.966667  0.00382593 0.966667
0.973333  -0.00118261 0.973333
0.98  -0.000940646 0.98
0.986667  0.0038146 0.986667
0.993333  -0.00119387 0.993333
1  -0.000951827 1
