0  1 0
0.125664  0.890143 0.125664
0.251327  0.73891 0.251327
0.376991  0.655514 0.376991
0.502655  0.616473 0.502655
0.628319  0.518526 0.628319
0.753982  0.42459 0.753982
0.879646  0.408968 0.879646
1.00531  0.375422 1.00531
1.13097  0.287246 1.13097
1.25664  0.253899 1.25664
1.3823  0.265036 1.3823
1.50796  0.213958 1.50796
1.63363  0.153842 1.63363
1.75929  0.168198 1.75929
1.88496  0.16824 1.88496
2.01062  0.106308 2.01062
2.13628  0.0901219 2.13628
2.26195  0.122044 2.26195
2.38761  0.0927597 2.38761
2.51327  0.0446235 2.51327
2.63894  0.0689383 2.63894
2.7646  0.0851333 2.7646
2.89027  0.0348947 2.89027
3.01593  0.0226131 3.01593
3.14159  0.0631008 3.14159
3.26726  0.045586 3.26726
3.39292  0.000897711 3.39292
3.51858  0.0268521 3.51858
3.64425  0.0519554 3.64425
3.76991  0.00784148 3.76991
3.89557  -0.00582211 3.89557
4.02124  0.0379533 4.02124
4.1469  0.0282264 4.1469
4.27257  -0.0161499 4.27257
4.39823  0.00788305 4.39823
4.52389  0.0387373 4.52389
4.64956  -0.00120798 4.64956
4.77522  -0.0182823 4.77522
4.90088  0.0263091 4.90088
5.02655  0.0227938 5.02655
5.15221  -0.0222124 5.15221
5.27788  -0.00170746 5.27788
5.40354  0.033366 5.40354
5.5292  -0.0029278 5.5292
5.65487  -0.0240898 5.65487
5.78053  0.0199861 5.78053
5.90619  0.0220403 5.90619
6.03186  -0.0236418 6.03186
6.15752  -0.0074475 6.15752
6.28319  0.0309467 6.28319
6.40885  -0.00165547 6.40885
6.53451  -0.0270026 6.53451
6.66018  0.0156978 6.66018
6.78584  0.0230192 6.78584
6.9115  -0.0230177 6.9115
7.03717  -0.011548 7.03717
7.16283  0.0295046 7.16283
7.28849  0.000831858 7.28849
7.41416  -0.0285321 7.41416
7.53982  0.0121376 7.53982
7.66549  0.0245237 7.66549
7.79115  -0.0213973 7.79115
7.91681  -0.0148804 7.91681
8.04248  0.0282473 8.04248
8.16814  0.00379164 8.16814
8.2938  -0.0292849 8.2938
8.41947  0.00879997 8.41947
8.54513  0.0260524 8.54513
8.6708  -0.0192249 8.6708
8.79646  -0.0177762 8.79646
8.92212  0.0268629 8.92212
9.04779  0.00689963 9.04779
9.17345  -0.0295043 9.17345
9.29911  0.0055042 9.29911
9.42478  0.0273915 9.42478
9.55044  -0.0166985 9.55044
9.67611  -0.0203501 9.67611
9.80177  0.0252361 9.80177
9.92743  0.0100012 9.92743
10.0531  -0.0292898 10.0531
10.1788  0.00220125 10.1788
10.3044  0.0284455 10.3044
10.4301  -0.0139189 10.4301
10.5558  -0.0226313 10.5558
10.6814  0.0233338 10.6814
10.8071  0.013011 10.8071
10.9327  -0.0286853 10.9327
11.0584  -0.00110432 11.0584
11.1841  0.0291696 11.1841
11.3097  -0.0109482 11.3097
11.4354  -0.0246161 11.4354
11.5611  0.0211577 11.5611
11.6867  0.0158728 11.6867
11.8124  -0.0277149 11.8124
11.9381  -0.0043863 11.9381
12.0637  0.0295418 12.0637
12.1894  -0.0078345 12.1894
12.315  -0.0262898 12.315
12.4407  0.018726 12.4407
12.5664  0.0185437 12.5664
