0  1 0
0.251327  0.726831 0.251327
0.502655  0.600689 0.502655
0.753982  0.438696 0.753982
1.00531  0.34655 1.00531
1.25664  0.279461 1.25664
1.50796  0.187061 1.50796
1.75929  0.185708 1.75929
2.01062  0.0971297 2.01062
2.26195  0.118696 2.26195
2.51327  0.0582941 2.51327
2.7646  0.0625302 2.7646
3.01593  0.0497748 3.01593
3.26726  0.0183175 3.26726
3.51858  0.0495371 3.51858
3.76991  -0.00627582 3.76991
4.02124  0.0412414 4.02124
4.27257  -0.00785808 4.27257
4.52389  0.0204814 4.52389
4.77522  0.0069976 4.77522
5.02655  -0.00500132 5.02655
5.27788  0.0239977 5.27788
5.5292  -0.0219966 5.5292
5.78053  0.0292725 5.78053
6.03186  -0.0214491 6.03186
6.28319  0.01774 6.28319
6.53451  -0.00497017 6.53451
6.78584  -0.00399953 6.78584
7.03717  0.0158785 7.03717
7.28849  -0.0222581 7.28849
7.53982  0.0269692 7.53982
7.79115  -0.0253991 7.79115
8.04248  0.0207574 8.04248
8.2938  -0.0115674 8.2938
8.54513  0.00116012 8.54513
8.79646  0.0100374 8.79646
9.04779  -0.0190575 9.04779
9.29911  0.0251644 9.29911
9.55044  -0.0266851 9.55044
9.80177  0.023843 9.80177
10.0531  -0.0167512 10.0531
10.3044  0.00691424 10.3044
10.5558  0.00420515 10.5558
10.8071  -0.0145286 10.8071
11.0584  0.0224199 11.0584
11.3097  -0.0264236 11.3097
11.5611  0.0259331 11.5611
11.8124  -0.0209707 11.8124
12.0637  0.0124348 12.0637
12.315  -0.00175152 12.315
12.5664  -0.00921959 12.5664
