0  1 0
0.125664  0.890822 0.125664
0.251327  0.767718 0.251327
0.376991  0.67256 0.376991
0.502655  0.610265 0.502655
0.628319  0.53328 0.628319
0.753982  0.453166 0.753982
0.879646  0.409863 0.879646
1.00531  0.372786 1.00531
1.13097  0.312466 1.13097
1.25664  0.269759 1.25664
1.3823  0.255521 1.3823
1.50796  0.222907 1.50796
1.63363  0.179136 1.63363
1.75929  0.166905 1.75929
1.88496  0.160297 1.88496
2.01062  0.126446 2.01062
2.13628  0.104085 2.13628
2.26195  0.109346 2.26195
2.38761  0.0962043 2.38761
2.51327  0.0670408 2.51327
2.63894  0.06642 2.63894
2.7646  0.0730913 2.7646
2.89027  0.0509193 2.89027
3.01593  0.03579 3.01593
3.14159  0.0486959 3.14159
3.26726  0.0448081 3.26726
3.39292  0.0214718 3.39292
3.51858  0.0244195 3.51858
3.64425  0.037201 3.64425
3.76991  0.0207425 3.76991
3.89557  0.00753797 3.89557
4.02124  0.023091 4.02124
4.1469  0.0242458 4.1469
4.27257  0.00327438 4.27257
4.39823  0.00645184 4.39823
4.52389  0.0222776 4.52389
4.64956  0.00917572 4.64956
4.77522  -0.0041953 4.77522
4.90088  0.0118276 4.90088
5.02655  0.0162628 5.02655
5.15221  -0.00362337 5.15221
5.27788  -0.00161057 5.27788
5.40354  0.0158707 5.40354
5.5292  0.00523679 5.5292
5.65487  -0.00906046 5.65487
5.78053  0.00641972 5.78053
5.90619  0.0133635 5.90619
6.03186  -0.00582323 6.03186
6.15752  -0.00555599 6.15752
6.28319  0.0128752 6.28319
6.40885  0.00440957 6.40885
6.53451  -0.0110168 6.53451
6.66018  0.0033952 6.66018
6.78584  0.0124673 6.78584
6.9115  -0.00604184 6.9115
7.03717  -0.00775162 7.03717
7.16283  0.0112008 7.16283
7.28849  0.00483122 7.28849
7.41416  -0.0116893 7.41416
7.53982  0.0013392 7.53982
7.66549  0.0123068 7.66549
7.79115  -0.00540236 7.79115
7.91681  -0.00916163 7.91681
8.04248  0.00999534 8.04248
8.16814  0.00572795 8.16814
8.2938  -0.0117465 8.2938
8.41947  -0.000318729 8.41947
8.54513  0.0123593 8.54513
8.6708  -0.00437465 8.6708
8.79646  -0.0101754 8.79646
8.92212  0.00891557 8.92212
9.04779  0.00677334 9.04779
9.17345  -0.0114652 9.17345
9.29911  -0.00180259 9.29911
9.42478  0.0124088 9.42478
9.55044  -0.00316098 9.55044
9.67611  -0.0109472 9.67611
9.80177  0.00782786 9.80177
9.92743  0.00782504 9.92743
10.0531  -0.010963 10.0531
10.1788  -0.00319436 10.1788
10.3044  0.0123665 10.3044
10.4301  -0.00185412 10.4301
10.5558  -0.0115361 10.5558
10.6814  0.00668537 10.6814
10.8071  0.00881698 10.8071
10.9327  -0.0102928 10.9327
11.0584  -0.004518 11.0584
11.1841  0.0121965 11.1841
11.3097  -0.000502129 11.3097
11.4354  -0.0119628 11.4354
11.5611  0.00547747 11.5611
11.6867  0.00971511 11.6867
11.8124  -0.00948198 11.8124
11.9381  -0.00577406 11.9381
12.0637  0.0118861 12.0637
12.1894  0.000865176 12.1894
12.315  -0.0122337 12.315
12.4407  0.00420893 12.4407
12.5664  0.0104994 12.5664
