0  1 0
0.0837758  0.889654 0.0837758
0.167552  0.846712 0.167552
0.251327  0.829313 0.251327
0.335103  0.771413 0.335103
0.418879  0.664693 0.418879
0.502655  0.568376 0.502655
0.586431  0.534691 0.586431
0.670206  0.543119 0.670206
0.753982  0.525588 0.753982
0.837758  0.451126 0.837758
0.921534  0.364188 0.921534
1.00531  0.328757 1.00531
1.08909  0.348067 1.08909
1.17286  0.360272 1.17286
1.25664  0.31546 1.25664
1.34041  0.237776 1.34041
1.42419  0.195025 1.42419
1.50796  0.21373 1.50796
1.59174  0.245793 1.59174
1.67552  0.22843 1.67552
1.75929  0.162459 1.75929
1.84307  0.111133 1.84307
1.92684  0.120958 1.92684
2.01062  0.163452 2.01062
2.0944  0.170622 2.0944
2.17817  0.119821 2.17817
2.26195  0.0619572 2.26195
2.34572  0.0577804 2.34572
2.4295  0.101889 2.4295
2.51327  0.129402 2.51327
2.59705  0.0969686 2.59705
2.68083  0.0368744 2.68083
2.7646  0.0166402 2.7646
2.84838  0.0545892 2.84838
2.93215  0.0969011 2.93215
3.01593  0.0848215 3.01593
3.0997  0.0280422 3.0997
3.18348  -0.00744895 3.18348
3.26726  0.0181357 3.26726
3.35103  0.0686309 3.35103
3.43481  0.077082 3.43481
3.51858  0.0293864 3.51858
3.60236  -0.0181085 3.60236
3.68614  -0.00904249 3.68614
3.76991  0.0425064 3.76991
3.85369  0.0695946 3.85369
3.93746  0.0360502 3.93746
4.02124  -0.0183419 4.02124
4.10501  -0.027572 4.10501
4.18879  0.0180925 4.18879
4.27257  0.0599316 4.27257
4.35634  0.04414 4.35634
4.44012  -0.010947 4.44012
4.52389  -0.0377757 4.52389
4.60767  -0.00400104 4.60767
4.69145  0.0470856 4.69145
4.77522  0.0506471 4.77522
4.859  0.00131616 4.859
4.94277  -0.0401037 4.94277
5.02655  -0.0226269 5.02655
5.11032  0.0311956 5.11032
5.1941  0.0534513 5.1941
5.27788  0.0157279 5.27788
5.36165  -0.0353862 5.36165
5.44543  -0.0365243 5.44543
5.5292  0.0132695 5.5292
5.61298  0.0513425 5.61298
5.69675  0.0297235 5.69675
5.78053  -0.0249336 5.78053
5.86431  -0.0446597 5.86431
5.94808  -0.00511017 5.94808
6.03186  0.0440117 6.03186
6.11563  0.0410632 6.11563
6.19941  -0.0105083 6.19941
6.28319  -0.0464752 6.28319
6.36696  -0.0220922 6.36696
6.45074  0.0319866 6.45074
6.53451  0.0480132 6.53451
6.61829  0.00580458 6.61829
6.70206  -0.0420366 6.70206
6.78584  -0.0358576 6.78584
6.86962  0.0164994 6.86962
6.95339  0.0494962 6.95339
7.03717  0.0217969 7.03717
7.12094  -0.0320781 7.12094
7.20472  -0.0448907 7.20472
7.28849  -0.000708857 7.28849
7.37227  0.0451835 7.37227
7.45605  0.0353707 7.45605
7.53982  -0.0179462 7.53982
7.6236  -0.0481968 7.6236
7.70737  -0.0176307 7.70737
7.79115  0.0355079 7.79115
7.87493  0.0447713 7.87493
7.9587  -0.00145667 7.9587
8.04248  -0.0454448 8.04248
8.12625  -0.0322579 8.12625
8.21003  0.021594 8.21003
8.2938  0.0487868 8.2938
8.37758  0.015313 8.37758
8.46136  -0.0370215 8.46136
8.54513  -0.0428399 8.54513
8.62891  0.00510826 8.62891
8.71268  0.0468863 8.71268
8.79646  0.0302696 8.79646
8.88024  -0.0239929 8.88024
8.96401  -0.0481074 8.96401
9.04779  -0.0119529 9.04779
9.13156  0.0392783 9.13156
9.21534  0.0415544 9.21534
9.29911  -0.00797926 9.29911
9.38289  -0.0474331 9.38289
9.46667  -0.027513 9.46667
9.55044  0.0268801 9.55044
9.63422  0.0477671 9.63422
9.71799  0.00904003 9.71799
9.80177  -0.0409126 9.80177
9.88554  -0.039674 9.88554
9.96932  0.0112029 9.96932
10.0531  0.0481354 10.0531
10.1369  0.0249669 10.1369
10.2206  -0.0293545 10.2206
10.3044  -0.0469506 10.3044
10.3882  -0.00583605 10.3882
10.472  0.0426076 10.472
10.5558  0.0378405 10.5558
10.6395  -0.014183 10.6395
10.7233  -0.0484548 10.7233
10.8071  -0.0221499 10.8071
10.8909  0.0318581 10.8909
10.9746  0.0460768 10.9746
11.0584  0.0027363 11.0584
11.1422  -0.0440052 11.1422
11.226  -0.0357392 11.226
11.3097  0.0172033 11.3097
11.3935  0.0486622 11.3935
11.4773  0.0193241 11.4773
11.5611  -0.0341501 11.5611
11.6448  -0.044938 11.6448
11.7286  0.000440459 11.7286
11.8124  0.0452779 11.8124
11.8962  0.033543 11.8962
11.9799  -0.0201005 11.9799
12.0637  -0.0486184 12.0637
12.1475  -0.0163742 12.1475
12.2313  0.0363379 12.2313
12.315  0.0436465 12.315
12.3988  -0.00358204 12.3988
12.4826  -0.0463296 12.4826
12.5664  -0.0311776 12.5664
