0  1 0
0.0628319  0.970462 0.0628319
0.125664  0.92742 0.125664
0.188496  0.859384 0.188496
0.251327  0.776041 0.251327
0.314159  0.700919 0.314159
0.376991  0.653806 0.376991
0.439823  0.63595 0.439823
0.502655  0.628998 0.502655
0.565487  0.608466 0.565487
0.628319  0.561747 0.628319
0.69115  0.497341 0.69115
0.753982  0.438452 0.753982
0.816814  0.405705 0.816814
0.879646  0.401777 0.879646
0.942478  0.409327 0.942478
1.00531  0.403758 1.00531
1.06814  0.371359 1.06814
1.13097  0.319387 1.13097
1.19381  0.270624 1.19381
1.25664  0.246442 1.25664
1.31947  0.250914 1.31947
1.3823  0.267742 1.3823
1.44513  0.272274 1.44513
1.50796  0.249717 1.50796
1.5708  0.206041 1.5708
1.63363  0.16352 1.63363
1.69646  0.144192 1.69646
1.75929  0.153498 1.75929
1.82212  0.176217 1.82212
1.88496  0.187707 1.88496
1.94779  0.172123 1.94779
2.01062  0.134123 2.01062
2.07345  0.0953893 2.07345
2.13628  0.078547 2.13628
2.19911  0.0903792 2.19911
2.26195  0.116782 2.26195
2.32478  0.133188 2.32478
2.38761  0.122742 2.38761
2.45044  0.0887665 2.45044
2.51327  0.0522813 2.51327
2.57611  0.0364201 2.57611
2.63894  0.0492809 2.63894
2.70177  0.0779136 2.70177
2.7646  0.0978974 2.7646
2.82743  0.0914148 2.82743
2.89027  0.0604359 2.89027
2.9531  0.0252477 2.9531
3.01593  0.00941819 3.01593
3.07876  0.0223309 3.07876
3.14159  0.0522258 3.14159
3.20442  0.0749002 3.20442
3.26726  0.0716261 3.26726
3.33009  0.0430127 3.33009
3.39292  0.00854821 3.39292
3.45575  -0.00784095 3.45575
3.51858  0.0044828 3.51858
3.58142  0.0349835 3.58142
3.64425  0.0597492 3.64425
3.70708  0.059197 3.70708
3.76991  0.0325714 3.76991
3.83274  -0.00150043 3.83274
3.89557  -0.0188092 3.89557
3.95841  -0.00749788 3.95841
4.02124  0.0231526 4.02124
4.08407  0.0495936 4.08407
4.1469  0.0514464 4.1469
4.20973  0.026592 4.20973
4.27257  -0.00726233 4.27257
4.3354  -0.0257005 4.3354
4.39823  -0.0156837 4.39823
4.46106  0.0147899 4.46106
4.52389  0.0426068 4.52389
4.58673  0.0466545 4.58673
4.64956  0.0234564 4.64956
4.71239  -0.0102557 4.71239
4.77522  -0.029935 4.77522
4.83805  -0.0214023 4.83805
4.90088  0.00865139 4.90088
4.96372  0.0376185 4.96372
5.02655  0.0437178 5.02655
5.08938  0.0221247 5.08938
5.15221  -0.0114562 5.15221
5.21504  -0.0324243 5.21504
5.27788  -0.0255036 5.27788
5.34071  0.00394191 5.34071
5.40354  0.0338802 5.40354
5.46637  0.0419281 5.46637
5.5292  0.021928 5.5292
5.59203  -0.011492 5.59203
5.65487  -0.0337534 5.65487
5.7177  -0.0285313 5.7177
5.78053  0.000153814 5.78053
5.84336  0.0309133 5.84336
5.90619  0.040831 5.90619
5.96903  0.0224352 5.96903
6.03186  -0.010768 6.03186
6.09469  -0.0342983 6.09469
6.15752  -0.0308328 6.15752
6.22035  -0.00303607 6.22035
6.28319  0.0284126 6.28319
6.34602  0.040135 6.34602
6.40885  0.0233679 6.40885
6.47168  -0.00954619 6.47168
6.53451  -0.0343013 6.53451
6.59734  -0.0326299 6.59734
6.66018  -0.00583262 6.66018
6.72301  0.0261845 6.72301
6.78584  0.039653 6.78584
6.84867  0.0245458 6.84867
6.9115  -0.00799703 6.9115
6.97434  -0.0339188 6.97434
7.03717  -0.0340637 7.03717
7.1  -0.00836492 7.1
7.16283  0.0241064 7.16283
7.22566  0.0392653 7.22566
7.28849  0.0258512 7.28849
7.35133  -0.00623213 7.35133
7.41416  -0.033252 7.41416
7.47699  -0.035224 7.47699
7.53982  -0.0107135 7.53982
7.60265  0.022102 7.60265
7.66549  0.0388953 7.66549
7.72832  0.0272073 7.72832
7.79115  -0.00432546 7.79115
7.85398  -0.0323675 7.85398
7.91681  -0.0361675 7.91681
7.97965  -0.0129276 7.97965
8.04248  0.0201243 8.04248
8.10531  0.0384941 8.10531
8.16814  0.0285629 8.16814
8.23097  -0.00232685 8.23097
8.2938  -0.0313091 8.2938
8.35664  -0.0369299 8.35664
8.41947  -0.0150368 8.41947
8.4823  0.0181452 8.4823
8.54513  0.0380312 8.54513
8.60796  0.0298839 8.60796
8.6708  -0.000270674 8.6708
8.73363  -0.0301067 8.73363
8.79646  -0.0375337 8.79646
8.85929  -0.0170579 8.85929
8.92212  0.0161492 8.92212
8.98495  0.0374873 8.98495
9.04779  0.0311469 9.04779
9.11062  0.00181865 9.11062
9.17345  -0.0287808 9.17345
9.23628  -0.0379931 9.23628
9.29911  -0.0189996 9.29911
9.36195  0.0141283 9.36195
9.42478  0.036851 9.42478
9.48761  0.0323356 9.48761
9.55044  0.00392307 9.55044
9.61327  -0.0273465 9.61327
9.67611  -0.0383167 9.67611
9.73894  -0.0208653 9.73894
9.80177  0.0120798 9.80177
9.8646  0.0361158 9.8646
9.92743  0.0334385 9.92743
9.99026  0.00602864 9.99026
10.0531  -0.0258151 10.0531
10.1159  -0.0385101 10.1159
10.1788  -0.0226556 10.1788
10.2416  0.0100042 10.2416
10.3044  0.0352787 10.3044
10.3673  0.0344471 10.3673
10.4301  0.00812409 10.4301
10.4929  -0.024196 10.4929
10.5558  -0.0385769 10.5558
10.6186  -0.0243687 10.6186
10.6814  0.00790429 10.6814
10.7442  0.0343386 10.7442
10.8071  0.035355 10.8071
10.8699  0.0101999 10.8699
10.9327  -0.0224969 10.9327
10.9956  -0.0385196 10.9956
11.0584  -0.026002 11.0584
11.1212  0.00578419 11.1212
11.1841  0.0332964 11.1841
11.2469  0.0361574 11.2469
11.3097  0.0122476 11.3097
11.3726  -0.0207249 11.3726
11.4354  -0.0383401 11.4354
11.4982  -0.027552 11.4982
11.5611  0.00364892 11.5611
11.6239  0.0321537 11.6239
11.6867  0.0368503 11.6867
11.7496  0.0142598 11.7496
11.8124  -0.0188867 11.8124
11.8752  -0.0380401 11.8752
11.9381  -0.0290149 11.9381
12.0009  0.00150411 12.0009
12.0637  0.0309132 12.0637
12.1265  0.0374307 12.1265
12.1894  0.0162293 12.1894
12.2522  -0.0169888 12.2522
12.315  -0.0376212 12.315
12.3779  -0.030387 12.3779
12.4407  -0.000644234 12.4407
12.5035  0.0295783 12.5035
12.5664  0.0378965 12.5664
