0  1 0
0.0628319  0.958065 0.0628319
0.125664  0.89343 0.125664
0.188496  0.811881 0.188496
0.251327  0.73431 0.251327
0.314159  0.681083 0.314159
0.376991  0.656808 0.376991
0.439823  0.646783 0.439823
0.502655  0.627756 0.502655
0.565487  0.585019 0.565487
0.628319  0.523191 0.628319
0.69115  0.462687 0.69115
0.753982  0.424494 0.753982
0.816814  0.414538 0.816814
0.879646  0.419198 0.879646
0.942478  0.415317 0.942478
1.00531  0.387269 1.00531
1.06814  0.338463 1.06814
1.13097  0.288743 1.13097
1.19381  0.259631 1.19381
1.25664  0.258324 1.25664
1.31947  0.272303 1.31947
1.3823  0.278557 1.3823
1.44513  0.26057 1.44513
1.50796  0.220509 1.50796
1.5708  0.177572 1.5708
1.63363  0.15373 1.63363
1.69646  0.157413 1.69646
1.75929  0.177231 1.75929
1.82212  0.190374 1.82212
1.88496  0.179474 1.88496
1.94779  0.145439 1.94779
2.01062  0.106749 2.01062
2.07345  0.085745 2.07345
2.13628  0.0920555 2.13628
2.19911  0.115442 2.19911
2.26195  0.13336 2.26195
2.32478  0.127635 2.32478
2.38761  0.0979046 2.38761
2.45044  0.0618665 2.45044
2.51327  0.0421557 2.51327
2.57611  0.0495631 2.57611
2.63894  0.0750279 2.63894
2.70177  0.0963345 2.70177
2.7646  0.0945526 2.7646
2.82743  0.0680449 2.82743
2.89027  0.0336684 2.89027
2.9531  0.0142778 2.9531
3.01593  0.0217886 3.01593
3.07876  0.0483417 3.07876
3.14159  0.0721156 3.14159
3.20442  0.073479 3.20442
3.26726  0.0495227 3.26726
3.33009  0.0162066 3.33009
3.39292  -0.00346806 3.39292
3.45575  0.00349933 3.45575
3.51858  0.0304734 3.51858
3.58142  0.0560917 3.58142
3.64425  0.0600804 3.64425
3.70708  0.0382654 3.70708
3.76991  0.00565815 3.76991
3.83274  -0.0146663 3.83274
3.89557  -0.00866435 3.89557
3.95841  0.0182713 3.95841
4.02124  0.0453017 4.02124
4.08407  0.0515722 4.08407
4.1469  0.0316549 4.1469
4.20973  -0.000434581 4.20973
4.27257  -0.0216202 4.27257
4.3354  -0.0168594 4.3354
4.39823  0.00971302 4.39823
4.46106  0.0378453 4.46106
4.52389  0.0461653 4.52389
4.58673  0.0280074 4.58673
4.64956  -0.00365254 4.64956
4.71239  -0.0258098 4.71239
4.77522  -0.0224703 4.77522
4.83805  0.00350164 4.83805
4.90088  0.0325032 4.90088
4.96372  0.0427102 4.96372
5.02655  0.0262397 5.02655
5.08938  -0.0050134 5.08938
5.15221  -0.0281868 5.15221
5.21504  -0.0263851 5.21504
5.27788  -0.00119369 5.27788
5.34071  0.0284939 5.34071
5.40354  0.0404686 5.40354
5.46637  0.0256539 5.46637
5.5292  -0.00517308 5.5292
5.59203  -0.0293637 5.59203
5.65487  -0.0291734 5.65487
5.7177  -0.00490449 5.7177
5.78053  0.0253172 5.78053
5.84336  0.0389662 5.84336
5.90619  0.0258001 5.90619
5.96903  -0.0045551 5.96903
6.03186  -0.0297348 6.03186
6.09469  -0.0312004 6.09469
6.15752  -0.00797008 6.15752
6.22035  0.0226537 6.22035
6.28319  0.0378985 6.28319
6.34602  0.0263877 6.34602
6.40885  -0.00343378 6.40885
6.47168  -0.0295547 6.47168
6.53451  -0.0326998 6.53451
6.59734  -0.0106063 6.59734
6.66018  0.0203 6.66018
6.72301  0.0370702 6.72301
6.78584  0.0272285 6.78584
6.84867  -0.00198756 6.84867
6.9115  -0.0289881 6.9115
6.97434  -0.033821 6.97434
7.03717  -0.0129497 7.03717
7.1  0.0181277 7.1
7.16283  0.0363564 7.16283
7.22566  0.0282002 7.22566
7.28849  -0.000333299 7.28849
7.35133  -0.0281424 7.35133
7.41416  -0.0346598 7.41416
7.47699  -0.0150861 7.47699
7.53982  0.016056 7.53982
7.60265  0.0356774 7.60265
7.66549  0.0292229 7.66549
7.72832  0.00145168 7.72832
7.79115  -0.0270879 7.79115
7.85398  -0.0352772 7.85398
7.91681  -0.0170685 7.91681
7.97965  0.0140355 7.97965
8.04248  0.0349825 8.04248
8.10531  0.0302439 8.10531
8.16814  0.00331547 8.16814
8.23097  -0.0258714 8.23097
8.2938  -0.035712 8.2938
8.35664  -0.0189293 8.35664
8.41947  0.0120362 8.41947
8.4823  0.0342403 8.4823
8.54513  0.0312284 8.54513
8.60796  0.00522253 8.60796
8.6708  -0.0245248 8.6708
8.73363  -0.0359893 8.73363
8.79646  -0.0206873 8.79646
8.85929  0.0100412 8.85929
8.92212  0.0334311 8.92212
8.98495  0.032153 8.98495
9.04779  0.00714781 9.04779
9.11062  -0.02307 9.11062
9.17345  -0.0361249 9.17345
9.23628  -0.0223528 9.23628
9.29911  0.00804191 9.29911
9.36195  0.0325436 9.36195
9.42478  0.0330016 9.42478
9.48761  0.00907307 9.48761
9.55044  -0.0215231 9.55044
9.61327  -0.0361295 9.61327
9.67611  -0.023931 9.67611
9.73894  0.00603488 9.73894
9.80177  0.0315716 9.80177
9.8646  0.0337634 9.8646
9.92743  0.0109845 9.92743
9.99026  -0.0198964 9.99026
10.0531  -0.0360097 10.0531
10.1159  -0.0254234 10.1159
10.1788  0.00402021 10.1788
10.2416  0.0305124 10.2416
10.3044  0.0344304 10.3044
10.3673  0.012871 10.3673
10.4301  -0.0181996 10.4301
10.4929  -0.0357707 10.4929
10.5558  -0.0268297 10.5558
10.6186  0.00200017 10.6186
10.6814  0.0293654 10.6814
10.7442  0.0349972 10.7442
10.8071  0.0147236 10.8071
10.8699  -0.016441 10.8699
10.9327  -0.0354158 10.9327
10.9956  -0.0281481 10.9956
11.0584  -2.14968e-05 11.0584
11.1212  0.0281318 11.1212
11.1841  0.0354598 11.1841
11.2469  0.0165344 11.2469
11.3097  -0.0146281 11.3097
11.3726  -0.0349481 11.3726
11.4354  -0.0293765 11.4354
11.4982  -0.00204018 11.4982
11.5611  0.026814 11.5611
11.6239  0.0358153 11.6239
11.6867  0.0182965 11.6867
11.7496  -0.0127676 11.7496
11.8124  -0.0343702 11.8124
11.8752  -0.0305119 11.8752
11.9381  -0.00405068 11.9381
12.0009  0.0254151 12.0009
12.0637  0.0360617 12.0637
12.1265  0.0200036 12.1265
12.1894  -0.0108662 12.1894
12.2522  -0.0336847 12.2522
12.315  -0.0315518 12.315
12.3779  -0.00604745 12.3779
12.4407  0.0239387 12.4407
12.5035  0.0361976 12.5035
12.5664  0.0216498 12.5664
