0  1 0
0.0837758  0.954065 0.0837758
0.167552  0.839927 0.167552
0.251327  0.708717 0.251327
0.335103  0.640348 0.335103
0.418879  0.643046 0.418879
0.502655  0.642516 0.502655
0.586431  0.574268 0.586431
0.670206  0.463741 0.670206
0.753982  0.394077 0.753982
0.837758  0.401831 0.837758
0.921534  0.430923 0.921534
1.00531  0.402386 1.00531
1.08909  0.312736 1.08909
1.17286  0.238045 1.17286
1.25664  0.238619 1.25664
1.34041  0.283399 1.34041
1.42419  0.288553 1.42419
1.50796  0.222038 1.50796
1.59174  0.143455 1.59174
1.67552  0.129399 1.67552
1.75929  0.17759 1.75929
1.84307  0.209576 1.84307
1.92684  0.16864 1.92684
2.01062  0.0905544 2.01062
2.0944  0.0587665 2.0944
2.17817  0.100019 2.17817
2.26195  0.150838 2.26195
2.34572  0.136765 2.34572
2.4295  0.0653239 2.4295
2.51327  0.0165486 2.51327
2.59705  0.0429 2.59705
2.68083  0.103649 2.68083
2.7646  0.115718 2.7646
2.84838  0.0574435 2.84838
2.93215  -0.00439742 2.93215
3.01593  0.00192092 3.01593
3.0997  0.0634018 3.0997
3.18348  0.0985305 3.18348
3.26726  0.0591046 3.26726
3.35103  -0.0095619 3.35103
3.43481  -0.0252929 3.43481
3.51858  0.0282332 3.51858
3.60236  0.0810633 3.60236
3.68614  0.0643636 3.68614
3.76991  -0.00358352 3.76991
3.85369  -0.0402445 3.85369
3.93746  -0.00198868 3.93746
4.02124  0.0613734 4.02124
4.10501  0.0688207 4.10501
4.18879  0.00935525 4.18879
4.27257  -0.0442666 4.27257
4.35634  -0.0264643 4.35634
4.44012  0.0392045 4.44012
4.52389  0.0694733 4.52389
4.60767  0.0254106 4.60767
4.69145  -0.0389375 4.69145
4.77522  -0.0440928 4.77522
4.859  0.0155294 4.859
4.94277  0.0646351 4.94277
5.02655  0.0411364 5.02655
5.11032  -0.0262666 5.11032
5.1941  -0.0539552 5.1941
5.27788  -0.00788972 5.27788
5.36165  0.0538496 5.36165
5.44543  0.0536376 5.44543
5.5292  -0.00869555 5.5292
5.61298  -0.0556554 5.61298
5.69675  -0.0289261 5.69675
5.78053  0.0377534 5.78053
5.86431  0.0607484 5.86431
5.94808  0.011039 5.94808
6.03186  -0.0495172 6.03186
6.11563  -0.045487 6.11563
6.19941  0.0178729 6.19941
6.28319  0.0611832 6.28319
6.36696  0.0301356 6.36696
6.45074  -0.0366424 6.45074
6.53451  -0.0558596 6.53451
6.61829  -0.00364555 6.61829
6.70206  0.0546186 6.70206
6.78584  0.0460022 6.78584
6.86962  -0.0188392 6.86962
6.95339  -0.0589799 6.95339
7.03717  -0.0243531 7.03717
7.12094  0.0416838 7.12094
7.20472  0.056529 7.20472
7.28849  0.00155828 7.28849
7.37227  -0.054602 7.37227
7.45605  -0.0418336 7.45605
7.53982  0.023851 7.53982
7.6236  0.0603178 7.6236
7.70737  0.0219487 7.70737
7.79115  -0.0433527 7.79115
7.87493  -0.0540238 7.87493
7.9587  0.00323349 7.9587
8.04248  0.0568342 8.04248
8.12625  0.0397657 8.12625
8.21003  -0.0266714 8.21003
8.2938  -0.0594811 8.2938
8.37758  -0.0176875 8.37758
8.46136  0.0464603 8.46136
8.54513  0.0527804 8.54513
8.62891  -0.00664383 8.62891
8.71268  -0.0575709 8.71268
8.79646  -0.0363764 8.79646
8.88024  0.0304398 8.88024
8.96401  0.0593682 8.96401
9.04779  0.0142466 9.04779
9.13156  -0.0485507 9.13156
9.21534  -0.0505602 9.21534
9.29911  0.0107197 9.29911
9.38289  0.0587026 9.38289
9.46667  0.0334193 9.46667
9.55044  -0.0335427 9.55044
9.63422  -0.058512 9.63422
9.71799  -0.0102921 9.71799
9.80177  0.0508537 9.80177
9.88554  0.0485102 9.88554
9.96932  -0.014399 9.96932
10.0531  -0.0592646 10.0531
10.1369  -0.030025 10.1369
10.2206  0.0367772 10.2206
10.3044  0.05766 10.3044
10.3882  0.00652441 10.3882
10.472  -0.0527316 10.472
10.5558  -0.0460622 10.5558
10.6395  0.0181959 10.6395
10.7233  0.0597411 10.7233
10.8071  0.0266549 10.8071
10.8909  -0.0397188 10.8909
10.9746  -0.0564388 10.9746
11.0584  -0.00261266 11.0584
11.1422  0.0544949 11.1422
11.226  0.0435189 11.226
11.3097  -0.021826 11.3097
11.3935  -0.0598834 11.3935
11.4773  -0.0230965 11.4773
11.5611  0.0425635 11.5611
11.6448  0.0550445 11.6448
11.7286  -0.00125097 11.7286
11.8124  -0.0559748 11.8124
11.8962  -0.0407427 11.8962
11.9799  0.0254101 11.9799
12.0637  0.059816 12.0637
12.1475  0.0194796 12.1475
12.2313  -0.0451937 12.2313
12.315  -0.0533863 12.315
12.3988  0.0051393 12.3988
12.4826  0.0572469 12.4826
12.5664  0.0378205 12.5664
