0  0 0
0.02  0.000186067 0.02
0.04  0.000368433 0.04
0.06  0.000547172 0.06
0.08  0.000722354 0.08
0.1  0.000894053 0.1
0.12  0.00106234 0.12
0.14  0.00122727 0.14
0.16  0.00138892 0.16
0.18  0.00154736 0.18
0.2  0.00170265 0.2
0.22  0.00185485 0.22
0.24  0.00200402 0.24
0.26  0.00215022 0.26
0.28  0.00229351 0.28
0.3  0.00243396 0.3
0.32  0.00257161 0.32
0.34  0.00270652 0.34
0.36  0.00283875 0.36
0.38  0.00296835 0.38
0.4  0.00309537 0.4
0.42  0.00321986 0.42
0.44  0.00334188 0.44
0.46  0.00346147 0.46
0.48  0.00357868 0.48
0.5  0.00369356 0.5
0.52  0.00380615 0.52
0.54  0.00391651 0.54
0.56  0.00402467 0.56
0.58  0.00413067 0.58
0.6  0.00423457 0.6
0.62  0.0043364 0.62
0.64  0.00443621 0.64
0.66  0.00453403 0.66
0.68  0.00462991 0.68
0.7  0.00472388 0.7
0.72  0.00481597 0.72
0.74  0.00490624 0.74
0.76  0.00499471 0.76
0.78  0.00508142 0.78
0.8  0.00516641 0.8
0.82  0.0052497 0.82
0.84  0.00533134 0.84
0.86  0.00541136 0.86
0.88  0.00548978 0.88
0.9  0.00556664 0.9
0.92  0.00564198 0.92
0.94  0.00571581 0.94
0.96  0.00578818 0.96
0.98  0.00585911 0.98
1  0.00592862 1
