0  1 0
0.0628319  0.957442 0.0628319
0.125664  0.933218 0.125664
0.188496  0.900335 0.188496
0.251327  0.84099 0.251327
0.314159  0.759582 0.314159
0.376991  0.679293 0.376991
0.439823  0.624771 0.439823
0.502655  0.603727 0.502655
0.565487  0.601099 0.565487
0.628319  0.590075 0.628319
0.69115  0.55184 0.69115
0.753982  0.489398 0.753982
0.816814  0.425246 0.816814
0.879646  0.384613 0.879646
0.942478  0.376687 0.942478
1.00531  0.387723 1.00531
1.06814  0.391143 1.06814
1.13097  0.367147 1.13097
1.19381  0.317307 1.19381
1.25664  0.263336 1.25664
1.31947  0.230946 1.31947
1.3823  0.230747 1.3823
1.44513  0.250331 1.44513
1.50796  0.263417 1.50796
1.5708  0.249261 1.5708
1.63363  0.20798 1.63363
1.69646  0.16042 1.69646
1.75929  0.132679 1.75929
1.82212  0.13674 1.82212
1.88496  0.161561 1.88496
1.94779  0.181221 1.94779
2.01062  0.174086 2.01062
2.07345  0.138806 2.07345
2.13628  0.0952844 2.13628
2.19911  0.0699143 2.19911
2.26195  0.0760051 2.26195
2.32478  0.103904 2.32478
2.38761  0.128124 2.38761
2.45044  0.126201 2.45044
2.51327  0.0953119 2.51327
2.57611  0.0543507 2.57611
2.63894  0.0299164 2.63894
2.70177  0.0365986 2.70177
2.7646  0.0661576 2.7646
2.82743  0.0936135 2.82743
2.89027  0.0957348 2.89027
2.9531  0.0682327 2.9531
3.01593  0.0289263 3.01593
3.07876  0.00453498 3.07876
3.14159  0.0108793 3.14159
3.20442  0.0411544 3.20442
3.26726  0.0709616 3.26726
3.33009  0.0763708 3.33009
3.39292  0.0516363 3.39292
3.45575  0.0134456 3.45575
3.51858  -0.011447 3.51858
3.58142  -0.00604165 3.58142
3.64425  0.0243104 3.64425
3.70708  0.0558649 3.70708
3.76991  0.0640649 3.76991
3.83274  0.0417241 3.83274
3.89557  0.00434454 3.89557
3.95841  -0.021369 3.95841
4.02124  -0.0172915 4.02124
4.08407  0.0126946 4.08407
4.1469  0.0455712 4.1469
4.20973  0.0562293 4.20973
4.27257  0.0360629 4.27257
4.3354  -0.000660563 4.3354
4.39823  -0.0273694 4.39823
4.46106  -0.0248704 4.46106
4.52389  0.00443346 4.52389
4.58673  0.0383208 4.58673
4.64956  0.0512075 4.64956
4.71239  0.0330932 4.71239
4.77522  -0.00303366 4.77522
4.83805  -0.0308176 4.83805
4.90088  -0.0300574 4.90088
4.96372  -0.00166927 4.96372
5.02655  0.03299 5.02655
5.08938  0.0479394 5.08938
5.15221  0.0318152 5.15221
5.21504  -0.00371422 5.21504
5.27788  -0.0325914 5.27788
5.34071  -0.0336697 5.34071
5.40354  -0.00637672 5.40354
5.46637  0.0288613 5.46637
5.5292  0.0457468 5.5292
5.59203  0.0315869 5.59203
5.65487  -0.00330612 5.65487
5.7177  -0.0332537 5.7177
5.78053  -0.0362297 5.78053
5.84336  -0.0101748 5.84336
5.90619  0.0254781 5.90619
5.96903  0.0441958 5.96903
6.03186  0.0319957 6.03186
6.09469  -0.00219841 6.09469
6.15752  -0.0331664 6.15752
6.22035  -0.0380709 6.22035
6.28319  -0.013372 6.28319
6.34602  0.0225504 6.34602
6.40885  0.0430094 6.40885
6.47168  0.0327758 6.47168
6.53451  -0.000642706 6.53451
6.59734  -0.0325626 6.59734
6.66018  -0.0394059 6.66018
6.72301  -0.0161636 6.72301
6.78584  0.0198947 6.78584
6.84867  0.0420107 6.84867
6.9115  0.0337555 6.9115
6.97434  0.00119734 6.97434
7.03717  -0.0315931 7.03717
7.1  -0.0403705 7.1
7.16283  -0.0186719 7.16283
7.22566  0.0173964 7.22566
7.28849  0.0410874 7.28849
7.35133  0.0348234 7.35133
7.41416  0.0032144 7.41416
7.47699  -0.0303565 7.47699
7.53982  -0.0410512 7.53982
7.60265  -0.0209732 7.60265
7.66549  0.0149842 7.66549
7.72832  0.0401684 7.72832
7.79115  0.0359069 7.79115
7.85398  0.00533716 7.85398
7.91681  -0.0289174 7.91681
7.97965  -0.0415032 7.97965
8.04248  -0.0231142 8.04248
8.10531  0.0126154 8.10531
8.16814  0.0392093 8.16814
8.23097  0.0369583 8.23097
8.2938  0.00751743 8.2938
8.35664  -0.0273195 8.35664
8.41947  -0.0417617 8.41947
8.4823  -0.0251226 8.4823
8.54513  0.0102649 8.54513
8.60796  0.0381828 8.60796
8.6708  0.0379458 8.6708
8.73363  0.00972182 8.73363
8.79646  -0.0255927 8.79646
8.85929  -0.0418494 8.85929
8.92212  -0.0270142 8.92212
8.98495  0.00791938 8.98495
9.04779  0.0370726 9.04779
9.11062  0.0388484 9.11062
9.17345  0.0119265 9.17345
9.23628  -0.0237583 9.23628
9.29911  -0.0417809 9.29911
9.36195  -0.0287972 9.36195
9.42478  0.00557285 9.42478
9.48761  0.0358699 9.48761
9.55044  0.0396514 9.55044
9.61327  0.0141136 9.61327
9.67611  -0.0218323 9.67611
9.73894  -0.0415662 9.73894
9.80177  -0.0304751 9.80177
9.8646  0.00322411 9.8646
9.92743  0.0345703 9.92743
9.99026  0.0403451 9.99026
10.0531  0.0162696 10.0531
10.1159  -0.019827 10.1159
10.1788  -0.041212 10.1788
10.2416  -0.0320485 10.2416
10.3044  0.000875033 10.3044
10.3673  0.0331728 10.3673
10.4301  0.0409225 10.4301
10.4929  0.0183831 10.4929
10.5558  -0.017753 10.5558
10.6186  -0.0407234 10.6186
10.6814  -0.0335163 10.6814
10.7442  -0.0014706 10.7442
10.8071  0.0316786 10.8071
10.8699  0.0413788 10.8699
10.9327  0.020445 10.9327
10.9956  -0.0156194 10.9956
11.0584  -0.0401044 11.0584
11.1212  -0.0348762 11.1212
11.1841  -0.00380774 11.1841
11.2469  0.03009 11.2469
11.3097  0.0417106 11.3097
11.3726  0.0224468 11.3726
11.4354  -0.0134344 11.4354
11.4982  -0.0393585 11.4982
11.5611  -0.0361256 11.5611
11.6239  -0.00613058 11.6239
11.6867  0.0284108 11.6867
11.7496  0.0419157 11.7496
11.8124  0.0243813 11.8124
11.8752  -0.0112059 11.8752
11.9381  -0.0384891 11.9381
12.0009  -0.0372616 12.0009
12.0637  -0.00843285 12.0637
12.1265  0.0266453 12.1265
12.1894  0.0419925 12.1894
12.2522  0.0262418 12.2522
12.315  -0.00894145 12.315
12.3779  -0.0374994 12.3779
12.4407  -0.0382812 12.4407
12.5035  -0.010708 12.5035
12.5664  0.0247984 12.5664
