0  0 0
0.01  0.00340425 0.01
0.02  -3.39265e-05 0.02
0.03  0.00337066 0.03
0.04  -6.71801e-05 0.04
0.05  0.00333774 0.05
0.06  -9.97742e-05 0.06
0.07  0.00330547 0.07
0.08  -0.000131722 0.08
0.09  0.00327384 0.09
0.1  -0.000163036 0.1
0.11  0.00324284 0.11
0.12  -0.000193729 0.12
0.13  0.00321245 0.13
0.14  -0.000223813 0.14
0.15  0.00318267 0.15
0.16  -0.000253301 0.16
0.17  0.00315348 0.17
0.18  -0.000282204 0.18
0.19  0.00312486 0.19
0.2  -0.000310534 0.2
0.21  0.00309681 0.21
0.22  -0.000338301 0.22
0.23  0.00306932 0.23
0.24  -0.000365518 0.24
0.25  0.00304238 0.25
0.26  -0.000392196 0.26
0.27  0.00301597 0.27
0.28  -0.000418344 0.28
0.29  0.00299008 0.29
0.3  -0.000443974 0.3
0.31  0.0029647 0.31
0.32  -0.000469095 0.32
0.33  0.00293983 0.33
0.34  -0.000493718 0.34
0.35  0.00291545 0.35
0.36  -0.000517853 0.36
0.37  0.00289156 0.37
0.38  -0.000541509 0.38
0.39  0.00286814 0.39
0.4  -0.000564696 0.4
0.41  0.00284518 0.41
0.42  -0.000587423 0.42
0.43  0.00282268 0.43
0.44  -0.0006097 0.44
0.45  0.00280063 0.45
0.46  -0.000631534 0.46
0.47  0.00277901 0.47
0.48  -0.000652936 0.48
0.49  0.00275782 0.49
0.5  -0.000673913 0.5
0.51  0.00273706 0.51
0.52  -0.000694474 0.52
0.53  0.0027167 0.53
0.54  -0.000714627 0.54
0.55  0.00269675 0.55
0.56  -0.000734381 0.56
0.57  0.00267719 0.57
0.58  -0.000753743 0.58
0.59  0.00265802 0.59
0.6  -0.000772721 0.6
0.61  0.00263923 0.61
0.62  -0.000791322 0.62
0.63  0.00262082 0.63
0.64  -0.000809555 0.64
0.65  0.00260277 0.65
0.66  -0.000827426 0.66
0.67  0.00258507 0.67
0.68  -0.000844942 0.68
0.69  0.00256773 0.69
0.7  -0.000862111 0.7
0.71  0.00255073 0.71
0.72  -0.00087894 0.72
0.73  0.00253407 0.73
0.74  -0.000895435 0.74
0.75  0.00251774 0.75
0.76  -0.000911603 0.76
0.77  0.00250173 0.77
0.78  -0.00092745 0.78
0.79  0.00248605 0.79
0.8  -0.000942983 0.8
0.81  0.00247067 0.81
0.82  -0.000958207 0.82
0.83  0.00245559 0.83
0.84  -0.00097313 0.84
0.85  0.00244082 0.85
0.86  -0.000987757 0.86
0.87  0.00242634 0.87
0.88  -0.00100209 0.88
0.89  0.00241215 0.89
0.9  -0.00101615 0.9
0.91  0.00239823 0.91
0.92  -0.00102992 0.92
0.93  0.0023846 0.93
0.94  -0.00104342 0.94
0.95  0.00237123 0.95
0.96  -0.00105665 0.96
0.97  0.00235813 0.97
0.98  -0.00106962 0.98
0.99  0.00234529 0.99
1  -0.00108234 1
