0  0 0
0.02  0.00267298 0.02
0.04  0.00529287 0.04
0.06  0.00786072 0.06
0.08  0.0103776 0.08
0.1  0.0128444 0.1
0.12  0.0152623 0.12
0.14  0.0176321 0.14
0.16  0.0199548 0.16
0.18  0.0222314 0.18
0.2  0.0244628 0.2
0.22  0.0266499 0.22
0.24  0.0287935 0.24
0.26  0.0308945 0.26
0.28  0.0329538 0.28
0.3  0.0349722 0.3
0.32  0.0369505 0.32
0.34  0.0388895 0.34
0.36  0.04079 0.36
0.38  0.0426528 0.38
0.4  0.0444785 0.4
0.42  0.046268 0.42
0.44  0.0480219 0.44
0.46  0.049741 0.46
0.48  0.0514259 0.48
0.5  0.0530774 0.5
0.52  0.0546961 0.52
0.54  0.0562826 0.54
0.56  0.0578376 0.56
0.58  0.0593617 0.58
0.6  0.0608555 0.6
0.62  0.0623197 0.62
0.64  0.0637548 0.64
0.66  0.0651614 0.66
0.68  0.06654 0.68
0.7  0.0678912 0.7
0.72  0.0692156 0.72
0.74  0.0705137 0.74
0.76  0.0717861 0.76
0.78  0.0730331 0.78
0.8  0.0742554 0.8
0.82  0.0754534 0.82
0.84  0.0766276 0.84
0.86  0.0777784 0.86
0.88  0.0789064 0.88
0.9  0.080012 0.9
0.92  0.0810957 0.92
0.94  0.0821578 0.94
0.96  0.0831988 0.96
0.98  0.0842192 0.98
1  0.0852192 1
