0  0 0
0.02  0.00476457 0.02
0.04  0.00943479 0.04
0.06  0.0140125 0.06
0.08  0.0184996 0.08
0.1  0.0228979 0.1
0.12  0.027209 0.12
0.14  0.0314348 0.14
0.16  0.0355769 0.16
0.18  0.039637 0.18
0.2  0.0436167 0.2
0.22  0.0475176 0.22
0.24  0.0513413 0.24
0.26  0.0550892 0.26
0.28  0.058763 0.28
0.3  0.0623639 0.3
0.32  0.0658936 0.32
0.34  0.0693534 0.34
0.36  0.0727447 0.36
0.38  0.0760688 0.38
0.4  0.0793271 0.4
0.42  0.0825209 0.42
0.44  0.0856514 0.44
0.46  0.08872 0.46
0.48  0.0917278 0.48
0.5  0.094676 0.5
0.52  0.0975659 0.52
0.54  0.100398 0.54
0.56  0.103175 0.56
0.58  0.105897 0.58
0.6  0.108564 0.6
0.62  0.111179 0.62
0.64  0.113742 0.64
0.66  0.116255 0.66
0.68  0.118717 0.68
0.7  0.121131 0.7
0.72  0.123497 0.72
0.74  0.125816 0.74
0.76  0.128089 0.76
0.78  0.130318 0.78
0.8  0.132502 0.8
0.82  0.134643 0.82
0.84  0.136741 0.84
0.86  0.138798 0.86
0.88  0.140814 0.88
0.9  0.14279 0.9
0.92  0.144727 0.92
0.94  0.146626 0.94
0.96  0.148487 0.96
0.98  0.150312 0.98
1  0.1521 1
