0  0 0
0.01  -2.26227e-05 0.01
0.02  2.25099e-07 0.02
0.03  -2.23998e-05 0.03
0.04  4.45741e-07 0.04
0.05  -2.21814e-05 0.05
0.06  6.62014e-07 0.06
0.07  -2.19672e-05 0.07
0.08  8.74005e-07 0.08
0.09  -2.17574e-05 0.09
0.1  1.0818e-06 0.1
0.11  -2.15516e-05 0.11
0.12  1.28548e-06 0.12
0.13  -2.135e-05 0.13
0.14  1.48512e-06 0.14
0.15  -2.11523e-05 0.15
0.16  1.68081e-06 0.16
0.17  -2.09586e-05 0.17
0.18  1.87263e-06 0.18
0.19  -2.07687e-05 0.19
0.2  2.06065e-06 0.2
0.21  -2.05825e-05 0.21
0.22  2.24494e-06 0.22
0.23  -2.04001e-05 0.23
0.24  2.42559e-06 0.24
0.25  -2.02212e-05 0.25
0.26  2.60266e-06 0.26
0.27  -2.00459e-05 0.27
0.28  2.77622e-06 0.28
0.29  -1.98741e-05 0.29
0.3  2.94635e-06 0.3
0.31  -1.97056e-05 0.31
0.32  3.11311e-06 0.32
0.33  -1.95405e-05 0.33
0.34  3.27656e-06 0.34
0.35  -1.93787e-05 0.35
0.36  3.43678e-06 0.36
0.37  -1.92201e-05 0.37
0.38  3.59383e-06 0.38
0.39  -1.90646e-05 0.39
0.4  3.74777e-06 0.4
0.41  -1.89122e-05 0.41
0.42  3.89865e-06 0.42
0.43  -1.87628e-05 0.43
0.44  4.04656e-06 0.44
0.45  -1.86164e-05 0.45
0.46  4.19153e-06 0.46
0.47  -1.84728e-05 0.47
0.48  4.33363e-06 0.48
0.49  -1.83322e-05 0.49
0.5  4.47292e-06 0.5
0.51  -1.81943e-05 0.51
0.52  4.60945e-06 0.52
0.53  -1.80591e-05 0.53
0.54  4.74327e-06 0.54
0.55  -1.79266e-05 0.55
0.56  4.87445e-06 0.56
0.57  -1.77967e-05 0.57
0.58  5.00303e-06 0.58
0.59  -1.76694e-05 0.59
0.6  5.12906e-06 0.6
0.61  -1.75446e-05 0.61
0.62  5.2526e-06 0.62
0.63  -1.74223e-05 0.63
0.64  5.37369e-06 0.64
0.65  -1.73025e-05 0.65
0.66  5.49238e-06 0.66
0.67  -1.71849e-05 0.67
0.68  5.60872e-06 0.68
0.69  -1.70698e-05 0.69
0.7  5.72276e-06 0.7
0.71  -1.69568e-05 0.71
0.72  5.83454e-06 0.72
0.73  -1.68462e-05 0.73
0.74  5.94411e-06 0.74
0.75  -1.67377e-05 0.75
0.76  6.05151e-06 0.76
0.77  -1.66314e-05 0.77
0.78  6.15678e-06 0.78
0.79  -1.65271e-05 0.79
0.8  6.25997e-06 0.8
0.81  -1.6425e-05 0.81
0.82  6.36111e-06 0.82
0.83  -1.63249e-05 0.83
0.84  6.46025e-06 0.84
0.85  -1.62267e-05 0.85
0.86  6.55743e-06 0.86
0.87  -1.61305e-05 0.87
0.88  6.65268e-06 0.88
0.89  -1.60362e-05 0.89
0.9  6.74605e-06 0.9
0.91  -1.59437e-05 0.91
0.92  6.83757e-06 0.92
0.93  -1.58531e-05 0.93
0.94  6.92728e-06 0.94
0.95  -1.57643e-05 0.95
0.96  7.01521e-06 0.96
0.97  -1.56773e-05 0.97
0.98  7.1014e-06 0.98
0.99  -1.55919e-05 0.99
1  7.18588e-06 1
