0  0 0
0.02  -4.09057e-07 0.02
0.04  -8.10015e-07 0.04
0.06  -1.20303e-06 0.06
0.08  -1.58827e-06 0.08
0.1  -1.96588e-06 0.1
0.12  -2.33601e-06 0.12
0.14  -2.69881e-06 0.14
0.16  -3.05442e-06 0.16
0.18  -3.403e-06 0.18
0.2  -3.74467e-06 0.2
0.22  -4.07958e-06 0.22
0.24  -4.40786e-06 0.24
0.26  -4.72963e-06 0.26
0.28  -5.04504e-06 0.28
0.3  -5.3542e-06 0.3
0.32  -5.65723e-06 0.32
0.34  -5.95427e-06 0.34
0.36  -6.24543e-06 0.36
0.38  -6.53082e-06 0.38
0.4  -6.81055e-06 0.4
0.42  -7.08475e-06 0.42
0.44  -7.35352e-06 0.44
0.46  -7.61697e-06 0.46
0.48  -7.8752e-06 0.48
0.5  -8.12832e-06 0.5
0.52  -8.37643e-06 0.52
0.54  -8.61962e-06 0.54
0.56  -8.858e-06 0.56
0.58  -9.09165e-06 0.58
0.6  -9.32068e-06 0.6
0.62  -9.54518e-06 0.62
0.64  -9.76523e-06 0.64
0.66  -9.98092e-06 0.66
0.68  -1.01923e-05 0.68
0.7  -1.03996e-05 0.7
0.72  -1.06027e-05 0.72
0.74  -1.08018e-05 0.74
0.76  -1.0997e-05 0.76
0.78  -1.11883e-05 0.78
0.8  -1.13758e-05 0.8
0.82  -1.15596e-05 0.82
0.84  -1.17398e-05 0.84
0.86  -1.19164e-05 0.86
0.88  -1.20895e-05 0.88
0.9  -1.22591e-05 0.9
0.92  -1.24254e-05 0.92
0.94  -1.25885e-05 0.94
0.96  -1.27482e-05 0.96
0.98  -1.29049e-05 0.98
1  -1.30584e-05 1
