0  0 0
0.00666667  0.00274149 0.00666667
0.0133333  -0.00277168 0.0133333
0.02  2.00627e-07 0.02
0.0266667  0.00274169 0.0266667
0.0333333  -0.00277148 0.0333333
0.04  3.97282e-07 0.04
0.0466667  0.00274188 0.0466667
0.0533333  -0.00277129 0.0533333
0.06  5.90043e-07 0.06
0.0666667  0.00274207 0.0666667
0.0733333  -0.0027711 0.0733333
0.08  7.78986e-07 0.08
0.0866667  0.00274226 0.0866667
0.0933333  -0.00277091 0.0933333
0.1  9.64189e-07 0.1
0.106667  0.00274244 0.106667
0.113333  -0.00277073 0.113333
0.12  1.14572e-06 0.12
0.126667  0.00274262 0.126667
0.133333  -0.00277055 0.133333
0.14  1.32366e-06 0.14
0.146667  0.0027428 0.146667
0.153333  -0.00277037 0.153333
0.16  1.49808e-06 0.16
0.166667  0.00274297 0.166667
0.173333  -0.0027702 0.173333
0.18  1.66904e-06 0.18
0.186667  0.00274314 0.186667
0.193333  -0.00277003 0.193333
0.2  1.83662e-06 0.2
0.206667  0.00274331 0.206667
0.213333  -0.00276987 0.213333
0.22  2.00088e-06 0.22
0.226667  0.00274347 0.226667
0.233333  -0.00276971 0.233333
0.24  2.16189e-06 0.24
0.246667  0.00274363 0.246667
0.253333  -0.00276955 0.253333
0.26  2.31971e-06 0.26
0.266667  0.00274379 0.266667
0.273333  -0.00276939 0.273333
0.28  2.4744e-06 0.28
0.286667  0.00274394 0.286667
0.293333  -0.00276924 0.293333
0.3  2.62603e-06 0.3
0.306667  0.00274409 0.306667
0.313333  -0.00276909 0.313333
0.32  2.77466e-06 0.32
0.326667  0.00274424 0.326667
0.333333  -0.00276894 0.333333
0.34  2.92035e-06 0.34
0.346667  0.00274439 0.346667
0.353333  -0.0027688 0.353333
0.36  3.06315e-06 0.36
0.366667  0.00274453 0.366667
0.373333  -0.00276866 0.373333
0.38  3.20312e-06 0.38
0.386667  0.00274467 0.386667
0.393333  -0.00276852 0.393333
0.4  3.34032e-06 0.4
0.406667  0.0027448 0.406667
0.413333  -0.00276838 0.413333
0.42  3.47481e-06 0.42
0.426667  0.00274494 0.426667
0.433333  -0.00276825 0.433333
0.44  3.60663e-06 0.44
0.446667  0.00274507 0.446667
0.453333  -0.00276812 0.453333
0.46  3.73584e-06 0.46
0.466667  0.0027452 0.466667
0.473333  -0.00276799 0.473333
0.48  3.86249e-06 0.48
0.486667  0.00274532 0.486667
0.493333  -0.00276787 0.493333
0.5  3.98664e-06 0.5
0.506667  0.00274545 0.506667
0.513333  -0.00276775 0.513333
0.52  4.10832e-06 0.52
0.526667  0.00274557 0.526667
0.533333  -0.00276763 0.533333
0.54  4.2276e-06 0.54
0.546667  0.00274569 0.546667
0.553333  -0.00276751 0.553333
0.56  4.34452e-06 0.56
0.566667  0.0027458 0.566667
0.573333  -0.00276739 0.573333
0.58  4.45912e-06 0.58
0.586667  0.00274592 0.586667
0.593333  -0.00276728 0.593333
0.6  4.57145e-06 0.6
0.606667  0.00274603 0.606667
0.613333  -0.00276717 0.613333
0.62  4.68155e-06 0.62
0.626667  0.00274614 0.626667
0.633333  -0.00276706 0.633333
0.64  4.78948e-06 0.64
0.646667  0.00274624 0.646667
0.653333  -0.00276695 0.653333
0.66  4.89527e-06 0.66
0.666667  0.00274635 0.666667
0.673333  -0.00276685 0.673333
0.68  4.99896e-06 0.68
0.686667  0.00274645 0.686667
0.693333  -0.00276675 0.693333
0.7  5.10061e-06 0.7
0.706667  0.00274655 0.706667
0.713333  -0.00276665 0.713333
0.72  5.20023e-06 0.72
0.726667  0.00274665 0.726667
0.733333  -0.00276655 0.733333
0.74  5.29789e-06 0.74
0.746667  0.00274675 0.746667
0.753333  -0.00276645 0.753333
0.76  5.39361e-06 0.76
0.766667  0.00274684 0.766667
0.773333  -0.00276636 0.773333
0.78  5.48744e-06 0.78
0.786667  0.00274694 0.786667
0.793333  -0.00276627 0.793333
0.8  5.57941e-06 0.8
0.806667  0.00274703 0.806667
0.813333  -0.00276617 0.813333
0.82  5.66956e-06 0.82
0.826667  0.00274712 0.826667
0.833333  -0.00276609 0.833333
0.84  5.75792e-06 0.84
0.846667  0.00274721 0.846667
0.853333  -0.002766 0.853333
0.86  5.84453e-06 0.86
0.866667  0.00274729 0.866667
0.873333  -0.00276591 0.873333
0.88  5.92943e-06 0.88
0.886667  0.00274738 0.886667
0.893333  -0.00276583 0.893333
0.9  6.01265e-06 0.9
0.906667  0.00274746 0.906667
0.913333  -0.00276575 0.913333
0.92  6.09421e-06 0.92
0.926667  0.00274754 0.926667
0.933333  -0.00276567 0.933333
0.94  6.17417e-06 0.94
0.946667  0.00274762 0.946667
0.953333  -0.00276559 0.953333
0.96  6.25254e-06 0.96
0.966667  0.0027477 0.966667
0.973333  -0.00276551 0.973333
0.98  6.32936e-06 0.98
0.986667  0.00274777 0.986667
0.993333  -0.00276543 0.993333
1  6.40466e-06 1
