0  1 0
0.251327  0.748922 0.251327
0.502655  0.68151 0.502655
0.753982  0.377829 0.753982
1.00531  0.473204 1.00531
1.25664  0.192328 1.25664
1.50796  0.291558 1.50796
1.75929  0.14287 1.75929
2.01062  0.122558 2.01062
2.26195  0.1583 2.26195
2.51327  -0.00348054 2.51327
2.7646  0.165817 2.7646
3.01593  -0.0525954 3.01593
3.26726  0.122574 3.26726
3.51858  -0.0220451 3.51858
3.76991  0.0340129 3.76991
4.02124  0.0502846 4.02124
4.27257  -0.0556255 4.27257
4.52389  0.106139 4.52389
4.77522  -0.0959109 4.77522
5.02655  0.102337 5.02655
5.27788  -0.0654844 5.27788
5.5292  0.0374263 5.5292
5.78053  0.0126167 5.78053
6.03186  -0.0483873 6.03186
6.28319  0.085283 6.28319
6.53451  -0.100236 6.53451
6.78584  0.103706 6.78584
7.03717  -0.0849693 7.03717
7.28849  0.0551158 7.28849
7.53982  -0.0131349 7.53982
7.79115  -0.0290125 7.79115
8.04248  0.0678087 8.04248
8.2938  -0.0937213 8.2938
8.54513  0.104551 8.54513
8.79646  -0.0966981 8.79646
9.04779  0.0728644 9.04779
9.29911  -0.0360804 9.29911
9.55044  -0.00652888 9.55044
9.80177  0.0482983 9.80177
10.0531  -0.0815722 10.0531
10.3044  0.101034 10.3044
10.5558  -0.103047 10.5558
10.8071  0.0874998 10.8071
11.0584  -0.056876 11.0584
11.3097  0.0165655 11.3097
11.5611  0.0266323 11.5611
11.8124  -0.065228 11.8124
12.0637  0.0926728 12.0637
12.315  -0.104211 12.315
12.5664  0.097905 12.5664
