0  0 0
0.01  -2.00813e-05 0.01
0.02  1.99813e-07 0.02
0.03  -1.98835e-05 0.03
0.04  3.95669e-07 0.04
0.05  -1.96896e-05 0.05
0.06  5.87647e-07 0.06
0.07  -1.94995e-05 0.07
0.08  7.75823e-07 0.08
0.09  -1.93132e-05 0.09
0.1  9.60273e-07 0.1
0.11  -1.91306e-05 0.11
0.12  1.14107e-06 0.12
0.13  -1.89516e-05 0.13
0.14  1.31829e-06 0.14
0.15  -1.87762e-05 0.15
0.16  1.492e-06 0.16
0.17  -1.86042e-05 0.17
0.18  1.66227e-06 0.18
0.19  -1.84356e-05 0.19
0.2  1.82916e-06 0.2
0.21  -1.82704e-05 0.21
0.22  1.99276e-06 0.22
0.23  -1.81084e-05 0.23
0.24  2.15311e-06 0.24
0.25  -1.79496e-05 0.25
0.26  2.31029e-06 0.26
0.27  -1.7794e-05 0.27
0.28  2.46435e-06 0.28
0.29  -1.76415e-05 0.29
0.3  2.61537e-06 0.3
0.31  -1.7492e-05 0.31
0.32  2.76339e-06 0.32
0.33  -1.73454e-05 0.33
0.34  2.90849e-06 0.34
0.35  -1.72018e-05 0.35
0.36  3.05071e-06 0.36
0.37  -1.7061e-05 0.37
0.38  3.19011e-06 0.38
0.39  -1.6923e-05 0.39
0.4  3.32676e-06 0.4
0.41  -1.67877e-05 0.41
0.42  3.4607e-06 0.42
0.43  -1.66551e-05 0.43
0.44  3.59198e-06 0.44
0.45  -1.65251e-05 0.45
0.46  3.72067e-06 0.46
0.47  -1.63977e-05 0.47
0.48  3.84681e-06 0.48
0.49  -1.62728e-05 0.49
0.5  3.97045e-06 0.5
0.51  -1.61504e-05 0.51
0.52  4.09164e-06 0.52
0.53  -1.60304e-05 0.53
0.54  4.21043e-06 0.54
0.55  -1.59128e-05 0.55
0.56  4.32687e-06 0.56
0.57  -1.57975e-05 0.57
0.58  4.44101e-06 0.58
0.59  -1.56845e-05 0.59
0.6  4.55288e-06 0.6
0.61  -1.55738e-05 0.61
0.62  4.66254e-06 0.62
0.63  -1.54652e-05 0.63
0.64  4.77003e-06 0.64
0.65  -1.53588e-05 0.65
0.66  4.87539e-06 0.66
0.67  -1.52545e-05 0.67
0.68  4.97866e-06 0.68
0.69  -1.51522e-05 0.69
0.7  5.07989e-06 0.7
0.71  -1.5052e-05 0.71
0.72  5.17912e-06 0.72
0.73  -1.49538e-05 0.73
0.74  5.27638e-06 0.74
0.75  -1.48575e-05 0.75
0.76  5.37171e-06 0.76
0.77  -1.47631e-05 0.77
0.78  5.46515e-06 0.78
0.79  -1.46706e-05 0.79
0.8  5.55675e-06 0.8
0.81  -1.45799e-05 0.81
0.82  5.64653e-06 0.82
0.83  -1.4491e-05 0.83
0.84  5.73454e-06 0.84
0.85  -1.44039e-05 0.85
0.86  5.8208e-06 0.86
0.87  -1.43185e-05 0.87
0.88  5.90535e-06 0.88
0.89  -1.42347e-05 0.89
0.9  5.98823e-06 0.9
0.91  -1.41527e-05 0.91
0.92  6.06947e-06 0.92
0.93  -1.40723e-05 0.93
0.94  6.1491e-06 0.94
0.95  -1.39934e-05 0.95
0.96  6.22715e-06 0.96
0.97  -1.39161e-05 0.97
0.98  6.30365e-06 0.98
0.99  -1.38404e-05 0.99
1  6.37865e-06 1
