0  0 0
0.00666667  0.00272702 0.00666667
0.0133333  -0.00275773 0.0133333
0.02  2.04049e-07 0.02
0.0266667  0.00272722 0.0266667
0.0333333  -0.00275752 0.0333333
0.04  4.04057e-07 0.04
0.0466667  0.00272742 0.0466667
0.0533333  -0.00275733 0.0533333
0.06  6.00105e-07 0.06
0.0666667  0.00272761 0.0666667
0.0733333  -0.00275713 0.0733333
0.08  7.92271e-07 0.08
0.0866667  0.0027278 0.0866667
0.0933333  -0.00275694 0.0933333
0.1  9.80632e-07 0.1
0.106667  0.00272799 0.106667
0.113333  -0.00275676 0.113333
0.12  1.16526e-06 0.12
0.126667  0.00272817 0.126667
0.133333  -0.00275658 0.133333
0.14  1.34624e-06 0.14
0.146667  0.00272835 0.146667
0.153333  -0.0027564 0.153333
0.16  1.52363e-06 0.16
0.166667  0.00272853 0.166667
0.173333  -0.00275622 0.173333
0.18  1.69751e-06 0.18
0.186667  0.0027287 0.186667
0.193333  -0.00275605 0.193333
0.2  1.86794e-06 0.2
0.206667  0.00272887 0.206667
0.213333  -0.00275588 0.213333
0.22  2.03501e-06 0.22
0.226667  0.00272904 0.226667
0.233333  -0.00275572 0.233333
0.24  2.19876e-06 0.24
0.246667  0.0027292 0.246667
0.253333  -0.00275556 0.253333
0.26  2.35927e-06 0.26
0.266667  0.00272936 0.266667
0.273333  -0.0027554 0.273333
0.28  2.5166e-06 0.28
0.286667  0.00272952 0.286667
0.293333  -0.00275524 0.293333
0.3  2.67082e-06 0.3
0.306667  0.00272967 0.306667
0.313333  -0.00275509 0.313333
0.32  2.82198e-06 0.32
0.326667  0.00272982 0.326667
0.333333  -0.00275494 0.333333
0.34  2.97015e-06 0.34
0.346667  0.00272997 0.346667
0.353333  -0.00275479 0.353333
0.36  3.11539e-06 0.36
0.366667  0.00273011 0.366667
0.373333  -0.00275465 0.373333
0.38  3.25775e-06 0.38
0.386667  0.00273025 0.386667
0.393333  -0.00275451 0.393333
0.4  3.39729e-06 0.4
0.406667  0.00273039 0.406667
0.413333  -0.00275437 0.413333
0.42  3.53407e-06 0.42
0.426667  0.00273053 0.426667
0.433333  -0.00275424 0.433333
0.44  3.66814e-06 0.44
0.446667  0.00273066 0.446667
0.453333  -0.00275411 0.453333
0.46  3.79955e-06 0.46
0.466667  0.00273079 0.466667
0.473333  -0.00275398 0.473333
0.48  3.92836e-06 0.48
0.486667  0.00273092 0.486667
0.493333  -0.00275385 0.493333
0.5  4.05463e-06 0.5
0.506667  0.00273104 0.506667
0.513333  -0.00275372 0.513333
0.52  4.17839e-06 0.52
0.526667  0.00273117 0.526667
0.533333  -0.0027536 0.533333
0.54  4.2997e-06 0.54
0.546667  0.00273129 0.546667
0.553333  -0.00275348 0.553333
0.56  4.41861e-06 0.56
0.566667  0.00273141 0.566667
0.573333  -0.00275337 0.573333
0.58  4.53516e-06 0.58
0.586667  0.00273152 0.586667
0.593333  -0.00275325 0.593333
0.6  4.64941e-06 0.6
0.606667  0.00273163 0.606667
0.613333  -0.00275314 0.613333
0.62  4.76139e-06 0.62
0.626667  0.00273175 0.626667
0.633333  -0.00275303 0.633333
0.64  4.87116e-06 0.64
0.646667  0.00273185 0.646667
0.653333  -0.00275292 0.653333
0.66  4.97875e-06 0.66
0.666667  0.00273196 0.666667
0.673333  -0.00275281 0.673333
0.68  5.08422e-06 0.68
0.686667  0.00273207 0.686667
0.693333  -0.00275271 0.693333
0.7  5.18759e-06 0.7
0.706667  0.00273217 0.706667
0.713333  -0.00275261 0.713333
0.72  5.28892e-06 0.72
0.726667  0.00273227 0.726667
0.733333  -0.00275251 0.733333
0.74  5.38824e-06 0.74
0.746667  0.00273237 0.746667
0.753333  -0.00275241 0.753333
0.76  5.4856e-06 0.76
0.766667  0.00273247 0.766667
0.773333  -0.00275231 0.773333
0.78  5.58102e-06 0.78
0.786667  0.00273256 0.786667
0.793333  -0.00275222 0.793333
0.8  5.67456e-06 0.8
0.806667  0.00273265 0.806667
0.813333  -0.00275213 0.813333
0.82  5.76624e-06 0.82
0.826667  0.00273274 0.826667
0.833333  -0.00275204 0.833333
0.84  5.85611e-06 0.84
0.846667  0.00273283 0.846667
0.853333  -0.00275195 0.853333
0.86  5.9442e-06 0.86
0.866667  0.00273292 0.866667
0.873333  -0.00275186 0.873333
0.88  6.03055e-06 0.88
0.886667  0.00273301 0.886667
0.893333  -0.00275177 0.893333
0.9  6.11519e-06 0.9
0.906667  0.00273309 0.906667
0.913333  -0.00275169 0.913333
0.92  6.19815e-06 0.92
0.926667  0.00273317 0.926667
0.933333  -0.00275161 0.933333
0.94  6.27946e-06 0.94
0.946667  0.00273325 0.946667
0.953333  -0.00275153 0.953333
0.96  6.35917e-06 0.96
0.966667  0.00273333 0.966667
0.973333  -0.00275145 0.973333
0.98  6.4373e-06 0.98
0.986667  0.00273341 0.986667
0.993333  -0.00275137 0.993333
1  6.51388e-06 1
