0  0 0
0.005  0.00317299 0.005
0.01  -2.01632e-05 0.01
0.015  -0.00319305 0.015
0.02  2.00627e-07 0.02
0.025  0.00317318 0.025
0.03  -1.99646e-05 0.03
0.035  -0.00319285 0.035
0.04  3.97282e-07 0.04
0.045  0.00317338 0.045
0.05  -1.97699e-05 0.05
0.055  -0.00319266 0.055
0.06  5.90043e-07 0.06
0.065  0.00317357 0.065
0.07  -1.9579e-05 0.07
0.075  -0.00319247 0.075
0.08  7.78986e-07 0.08
0.085  0.00317376 0.085
0.09  -1.9392e-05 0.09
0.095  -0.00319228 0.095
0.1  9.64189e-07 0.1
0.105  0.00317394 0.105
0.11  -1.92086e-05 0.11
0.115  -0.0031921 0.115
0.12  1.14572e-06 0.12
0.125  0.00317413 0.125
0.13  -1.90289e-05 0.13
0.135  -0.00319192 0.135
0.14  1.32366e-06 0.14
0.145  0.0031743 0.145
0.15  -1.88527e-05 0.15
0.155  -0.00319174 0.155
0.16  1.49808e-06 0.16
0.165  0.00317448 0.165
0.17  -1.868e-05 0.17
0.175  -0.00319157 0.175
0.18  1.66904e-06 0.18
0.185  0.00317465 0.185
0.19  -1.85108e-05 0.19
0.195  -0.0031914 0.195
0.2  1.83662e-06 0.2
0.205  0.00317481 0.205
0.21  -1.83449e-05 0.21
0.215  -0.00319124 0.215
0.22  2.00088e-06 0.22
0.225  0.00317498 0.225
0.23  -1.81822e-05 0.23
0.235  -0.00319108 0.235
0.24  2.16189e-06 0.24
0.245  0.00317514 0.245
0.25  -1.80228e-05 0.25
0.255  -0.00319092 0.255
0.26  2.31971e-06 0.26
0.265  0.00317529 0.265
0.27  -1.78666e-05 0.27
0.275  -0.00319076 0.275
0.28  2.4744e-06 0.28
0.285  0.00317545 0.285
0.29  -1.77134e-05 0.29
0.295  -0.00319061 0.295
0.3  2.62603e-06 0.3
0.305  0.0031756 0.305
0.31  -1.75633e-05 0.31
0.315  -0.00319046 0.315
0.32  2.77466e-06 0.32
0.325  0.00317575 0.325
0.33  -1.74162e-05 0.33
0.335  -0.00319031 0.335
0.34  2.92035e-06 0.34
0.345  0.00317589 0.345
0.35  -1.72719e-05 0.35
0.355  -0.00319017 0.355
0.36  3.06315e-06 0.36
0.365  0.00317603 0.365
0.37  -1.71305e-05 0.37
0.375  -0.00319003 0.375
0.38  3.20312e-06 0.38
0.385  0.00317617 0.385
0.39  -1.6992e-05 0.39
0.395  -0.00318989 0.395
0.4  3.34032e-06 0.4
0.405  0.00317631 0.405
0.41  -1.68561e-05 0.41
0.415  -0.00318976 0.415
0.42  3.47481e-06 0.42
0.425  0.00317644 0.425
0.43  -1.6723e-05 0.43
0.435  -0.00318962 0.435
0.44  3.60663e-06 0.44
0.445  0.00317657 0.445
0.45  -1.65925e-05 0.45
0.455  -0.00318949 0.455
0.46  3.73584e-06 0.46
0.465  0.0031767 0.465
0.47  -1.64645e-05 0.47
0.475  -0.00318937 0.475
0.48  3.86249e-06 0.48
0.485  0.00317683 0.485
0.49  -1.63392e-05 0.49
0.495  -0.00318924 0.495
0.5  3.98664e-06 0.5
0.505  0.00317695 0.505
0.51  -1.62162e-05 0.51
0.515  -0.00318912 0.515
0.52  4.10832e-06 0.52
0.525  0.00317707 0.525
0.53  -1.60958e-05 0.53
0.535  -0.003189 0.535
0.54  4.2276e-06 0.54
0.545  0.00317719 0.545
0.55  -1.59777e-05 0.55
0.555  -0.00318888 0.555
0.56  4.34452e-06 0.56
0.565  0.00317731 0.565
0.57  -1.58619e-05 0.57
0.575  -0.00318877 0.575
0.58  4.45912e-06 0.58
0.585  0.00317742 0.585
0.59  -1.57485e-05 0.59
0.595  -0.00318866 0.595
0.6  4.57145e-06 0.6
0.605  0.00317753 0.605
0.61  -1.56373e-05 0.61
0.615  -0.00318854 0.615
0.62  4.68155e-06 0.62
0.625  0.00317764 0.625
0.63  -1.55282e-05 0.63
0.635  -0.00318844 0.635
0.64  4.78948e-06 0.64
0.645  0.00317775 0.645
0.65  -1.54214e-05 0.65
0.655  -0.00318833 0.655
0.66  4.89527e-06 0.66
0.665  0.00317786 0.665
0.67  -1.53167e-05 0.67
0.675  -0.00318823 0.675
0.68  4.99896e-06 0.68
0.685  0.00317796 0.685
0.69  -1.5214e-05 0.69
0.695  -0.00318812 0.695
0.7  5.10061e-06 0.7
0.705  0.00317806 0.705
0.71  -1.51134e-05 0.71
0.715  -0.00318802 0.715
0.72  5.20023e-06 0.72
0.725  0.00317816 0.725
0.73  -1.50147e-05 0.73
0.735  -0.00318792 0.735
0.74  5.29789e-06 0.74
0.745  0.00317826 0.745
0.75  -1.4918e-05 0.75
0.755  -0.00318783 0.755
0.76  5.39361e-06 0.76
0.765  0.00317835 0.765
0.77  -1.48233e-05 0.77
0.775  -0.00318773 0.775
0.78  5.48744e-06 0.78
0.785  0.00317845 0.785
0.79  -1.47304e-05 0.79
0.795  -0.00318764 0.795
0.8  5.57941e-06 0.8
0.805  0.00317854 0.805
0.81  -1.46393e-05 0.81
0.815  -0.00318755 0.815
0.82  5.66956e-06 0.82
0.825  0.00317863 0.825
0.83  -1.45501e-05 0.83
0.835  -0.00318746 0.835
0.84  5.75792e-06 0.84
0.845  0.00317871 0.845
0.85  -1.44626e-05 0.85
0.855  -0.00318738 0.855
0.86  5.84453e-06 0.86
0.865  0.0031788 0.865
0.87  -1.43768e-05 0.87
0.875  -0.00318729 0.875
0.88  5.92943e-06 0.88
0.885  0.00317888 0.885
0.89  -1.42928e-05 0.89
0.895  -0.00318721 0.895
0.9  6.01265e-06 0.9
0.905  0.00317897 0.905
0.91  -1.42104e-05 0.91
0.915  -0.00318712 0.915
0.92  6.09421e-06 0.92
0.925  0.00317905 0.925
0.93  -1.41296e-05 0.93
0.935  -0.00318704 0.935
0.94  6.17417e-06 0.94
0.945  0.00317913 0.945
0.95  -1.40505e-05 0.95
0.955  -0.00318697 0.955
0.96  6.25254e-06 0.96
0.965  0.00317921 0.965
0.97  -1.39729e-05 0.97
0.975  -0.00318689 0.975
0.98  6.32936e-06 0.98
0.985  0.00317928 0.985
0.99  -1.38968e-05 0.99
0.995  -0.00318681 0.995
1  6.40466e-06 1
