0  0 0
0.00666667  0.00274162 0.00666667
0.0133333  -0.00277181 0.0133333
0.02  2.00575e-07 0.02
0.0266667  0.00274182 0.0266667
0.0333333  -0.00277161 0.0333333
0.04  3.97178e-07 0.04
0.0466667  0.00274202 0.0466667
0.0533333  -0.00277142 0.0533333
0.06  5.89889e-07 0.06
0.0666667  0.00274221 0.0666667
0.0733333  -0.00277123 0.0733333
0.08  7.78783e-07 0.08
0.0866667  0.0027424 0.0866667
0.0933333  -0.00277104 0.0933333
0.1  9.63937e-07 0.1
0.106667  0.00274258 0.106667
0.113333  -0.00277086 0.113333
0.12  1.14543e-06 0.12
0.126667  0.00274276 0.126667
0.133333  -0.00277068 0.133333
0.14  1.32332e-06 0.14
0.146667  0.00274294 0.146667
0.153333  -0.00277051 0.153333
0.16  1.49769e-06 0.16
0.166667  0.00274311 0.166667
0.173333  -0.00277033 0.173333
0.18  1.66861e-06 0.18
0.186667  0.00274328 0.186667
0.193333  -0.00277016 0.193333
0.2  1.83614e-06 0.2
0.206667  0.00274345 0.206667
0.213333  -0.00277 0.213333
0.22  2.00036e-06 0.22
0.226667  0.00274361 0.226667
0.233333  -0.00276984 0.233333
0.24  2.16133e-06 0.24
0.246667  0.00274377 0.246667
0.253333  -0.00276968 0.253333
0.26  2.3191e-06 0.26
0.266667  0.00274393 0.266667
0.273333  -0.00276952 0.273333
0.28  2.47376e-06 0.28
0.286667  0.00274408 0.286667
0.293333  -0.00276937 0.293333
0.3  2.62535e-06 0.3
0.306667  0.00274423 0.306667
0.313333  -0.00276922 0.313333
0.32  2.77394e-06 0.32
0.326667  0.00274438 0.326667
0.333333  -0.00276907 0.333333
0.34  2.91959e-06 0.34
0.346667  0.00274452 0.346667
0.353333  -0.00276893 0.353333
0.36  3.06235e-06 0.36
0.366667  0.00274467 0.366667
0.373333  -0.00276879 0.373333
0.38  3.20229e-06 0.38
0.386667  0.00274481 0.386667
0.393333  -0.00276865 0.393333
0.4  3.33945e-06 0.4
0.406667  0.00274494 0.406667
0.413333  -0.00276852 0.413333
0.42  3.4739e-06 0.42
0.426667  0.00274508 0.426667
0.433333  -0.00276838 0.433333
0.44  3.60569e-06 0.44
0.446667  0.00274521 0.446667
0.453333  -0.00276825 0.453333
0.46  3.73487e-06 0.46
0.466667  0.00274533 0.466667
0.473333  -0.00276813 0.473333
0.48  3.86149e-06 0.48
0.486667  0.00274546 0.486667
0.493333  -0.002768 0.493333
0.5  3.9856e-06 0.5
0.506667  0.00274558 0.506667
0.513333  -0.00276788 0.513333
0.52  4.10725e-06 0.52
0.526667  0.0027457 0.526667
0.533333  -0.00276776 0.533333
0.54  4.2265e-06 0.54
0.546667  0.00274582 0.546667
0.553333  -0.00276764 0.553333
0.56  4.34338e-06 0.56
0.566667  0.00274594 0.566667
0.573333  -0.00276753 0.573333
0.58  4.45795e-06 0.58
0.586667  0.00274605 0.586667
0.593333  -0.00276741 0.593333
0.6  4.57026e-06 0.6
0.606667  0.00274616 0.606667
0.613333  -0.0027673 0.613333
0.62  4.68033e-06 0.62
0.626667  0.00274627 0.626667
0.633333  -0.00276719 0.633333
0.64  4.78823e-06 0.64
0.646667  0.00274638 0.646667
0.653333  -0.00276709 0.653333
0.66  4.89399e-06 0.66
0.666667  0.00274649 0.666667
0.673333  -0.00276698 0.673333
0.68  4.99766e-06 0.68
0.686667  0.00274659 0.686667
0.693333  -0.00276688 0.693333
0.7  5.09928e-06 0.7
0.706667  0.00274669 0.706667
0.713333  -0.00276678 0.713333
0.72  5.19888e-06 0.72
0.726667  0.00274679 0.726667
0.733333  -0.00276668 0.733333
0.74  5.29651e-06 0.74
0.746667  0.00274689 0.746667
0.753333  -0.00276659 0.753333
0.76  5.39221e-06 0.76
0.766667  0.00274698 0.766667
0.773333  -0.00276649 0.773333
0.78  5.48601e-06 0.78
0.786667  0.00274707 0.786667
0.793333  -0.0027664 0.793333
0.8  5.57795e-06 0.8
0.806667  0.00274717 0.806667
0.813333  -0.00276631 0.813333
0.82  5.66808e-06 0.82
0.826667  0.00274726 0.826667
0.833333  -0.00276622 0.833333
0.84  5.75642e-06 0.84
0.846667  0.00274734 0.846667
0.853333  -0.00276613 0.853333
0.86  5.84301e-06 0.86
0.866667  0.00274743 0.866667
0.873333  -0.00276605 0.873333
0.88  5.92788e-06 0.88
0.886667  0.00274751 0.886667
0.893333  -0.00276596 0.893333
0.9  6.01108e-06 0.9
0.906667  0.0027476 0.906667
0.913333  -0.00276588 0.913333
0.92  6.09263e-06 0.92
0.926667  0.00274768 0.926667
0.933333  -0.0027658 0.933333
0.94  6.17256e-06 0.94
0.946667  0.00274776 0.946667
0.953333  -0.00276572 0.953333
0.96  6.25091e-06 0.96
0.966667  0.00274783 0.966667
0.973333  -0.00276564 0.973333
0.98  6.32771e-06 0.98
0.986667  0.00274791 0.986667
0.993333  -0.00276557 0.993333
1  6.40298e-06 1
