0  0 0
0.005  0.00317301 0.005
0.01  -2.01624e-05 0.01
0.015  -0.00319307 0.015
0.02  2.00619e-07 0.02
0.025  0.00317321 0.025
0.03  -1.99637e-05 0.03
0.035  -0.00319288 0.035
0.04  3.97265e-07 0.04
0.045  0.00317341 0.045
0.05  -1.97691e-05 0.05
0.055  -0.00319268 0.055
0.06  5.90018e-07 0.06
0.065  0.0031736 0.065
0.07  -1.95782e-05 0.07
0.075  -0.00319249 0.075
0.08  7.78954e-07 0.08
0.085  0.00317379 0.085
0.09  -1.93912e-05 0.09
0.095  -0.00319231 0.095
0.1  9.64148e-07 0.1
0.105  0.00317397 0.105
0.11  -1.92078e-05 0.11
0.115  -0.00319212 0.115
0.12  1.14568e-06 0.12
0.125  0.00317415 0.125
0.13  -1.90281e-05 0.13
0.135  -0.00319194 0.135
0.14  1.32361e-06 0.14
0.145  0.00317433 0.145
0.15  -1.88519e-05 0.15
0.155  -0.00319177 0.155
0.16  1.49802e-06 0.16
0.165  0.0031745 0.165
0.17  -1.86793e-05 0.17
0.175  -0.0031916 0.175
0.18  1.66897e-06 0.18
0.185  0.00317467 0.185
0.19  -1.851e-05 0.19
0.195  -0.00319143 0.195
0.2  1.83655e-06 0.2
0.205  0.00317484 0.205
0.21  -1.83441e-05 0.21
0.215  -0.00319126 0.215
0.22  2.0008e-06 0.22
0.225  0.003175 0.225
0.23  -1.81815e-05 0.23
0.235  -0.0031911 0.235
0.24  2.1618e-06 0.24
0.245  0.00317516 0.245
0.25  -1.80221e-05 0.25
0.255  -0.00319094 0.255
0.26  2.31961e-06 0.26
0.265  0.00317532 0.265
0.27  -1.78658e-05 0.27
0.275  -0.00319079 0.275
0.28  2.4743e-06 0.28
0.285  0.00317547 0.285
0.29  -1.77127e-05 0.29
0.295  -0.00319064 0.295
0.3  2.62592e-06 0.3
0.305  0.00317562 0.305
0.31  -1.75626e-05 0.31
0.315  -0.00319049 0.315
0.32  2.77455e-06 0.32
0.325  0.00317577 0.325
0.33  -1.74154e-05 0.33
0.335  -0.00319034 0.335
0.34  2.92022e-06 0.34
0.345  0.00317592 0.345
0.35  -1.72712e-05 0.35
0.355  -0.0031902 0.355
0.36  3.06302e-06 0.36
0.365  0.00317606 0.365
0.37  -1.71298e-05 0.37
0.375  -0.00319006 0.375
0.38  3.20299e-06 0.38
0.385  0.0031762 0.385
0.39  -1.69913e-05 0.39
0.395  -0.00318992 0.395
0.4  3.34018e-06 0.4
0.405  0.00317633 0.405
0.41  -1.68554e-05 0.41
0.415  -0.00318978 0.415
0.42  3.47466e-06 0.42
0.425  0.00317647 0.425
0.43  -1.67223e-05 0.43
0.435  -0.00318965 0.435
0.44  3.60648e-06 0.44
0.445  0.0031766 0.445
0.45  -1.65918e-05 0.45
0.455  -0.00318952 0.455
0.46  3.73568e-06 0.46
0.465  0.00317673 0.465
0.47  -1.64639e-05 0.47
0.475  -0.00318939 0.475
0.48  3.86233e-06 0.48
0.485  0.00317685 0.485
0.49  -1.63385e-05 0.49
0.495  -0.00318927 0.495
0.5  3.98647e-06 0.5
0.505  0.00317698 0.505
0.51  -1.62156e-05 0.51
0.515  -0.00318915 0.515
0.52  4.10815e-06 0.52
0.525  0.0031771 0.525
0.53  -1.60951e-05 0.53
0.535  -0.00318903 0.535
0.54  4.22742e-06 0.54
0.545  0.00317722 0.545
0.55  -1.5977e-05 0.55
0.555  -0.00318891 0.555
0.56  4.34433e-06 0.56
0.565  0.00317733 0.565
0.57  -1.58613e-05 0.57
0.575  -0.00318879 0.575
0.58  4.45893e-06 0.58
0.585  0.00317745 0.585
0.59  -1.57478e-05 0.59
0.595  -0.00318868 0.595
0.6  4.57126e-06 0.6
0.605  0.00317756 0.605
0.61  -1.56366e-05 0.61
0.615  -0.00318857 0.615
0.62  4.68136e-06 0.62
0.625  0.00317767 0.625
0.63  -1.55276e-05 0.63
0.635  -0.00318846 0.635
0.64  4.78928e-06 0.64
0.645  0.00317778 0.645
0.65  -1.54207e-05 0.65
0.655  -0.00318836 0.655
0.66  4.89506e-06 0.66
0.665  0.00317788 0.665
0.67  -1.5316e-05 0.67
0.675  -0.00318825 0.675
0.68  4.99875e-06 0.68
0.685  0.00317799 0.685
0.69  -1.52134e-05 0.69
0.695  -0.00318815 0.695
0.7  5.10039e-06 0.7
0.705  0.00317809 0.705
0.71  -1.51127e-05 0.71
0.715  -0.00318805 0.715
0.72  5.20002e-06 0.72
0.725  0.00317819 0.725
0.73  -1.50141e-05 0.73
0.735  -0.00318795 0.735
0.74  5.29767e-06 0.74
0.745  0.00317828 0.745
0.75  -1.49174e-05 0.75
0.755  -0.00318785 0.755
0.76  5.39339e-06 0.76
0.765  0.00317838 0.765
0.77  -1.48226e-05 0.77
0.775  -0.00318776 0.775
0.78  5.48721e-06 0.78
0.785  0.00317847 0.785
0.79  -1.47298e-05 0.79
0.795  -0.00318767 0.795
0.8  5.57917e-06 0.8
0.805  0.00317856 0.805
0.81  -1.46387e-05 0.81
0.815  -0.00318758 0.815
0.82  5.66932e-06 0.82
0.825  0.00317865 0.825
0.83  -1.45495e-05 0.83
0.835  -0.00318749 0.835
0.84  5.75768e-06 0.84
0.845  0.00317874 0.845
0.85  -1.4462e-05 0.85
0.855  -0.0031874 0.855
0.86  5.84429e-06 0.86
0.865  0.00317883 0.865
0.87  -1.43762e-05 0.87
0.875  -0.00318732 0.875
0.88  5.92918e-06 0.88
0.885  0.00317891 0.885
0.89  -1.42922e-05 0.89
0.895  -0.00318723 0.895
0.9  6.01239e-06 0.9
0.905  0.00317899 0.905
0.91  -1.42098e-05 0.91
0.915  -0.00318715 0.915
0.92  6.09396e-06 0.92
0.925  0.00317907 0.925
0.93  -1.4129e-05 0.93
0.935  -0.00318707 0.935
0.94  6.17391e-06 0.94
0.945  0.00317915 0.945
0.95  -1.40499e-05 0.95
0.955  -0.00318699 0.955
0.96  6.25228e-06 0.96
0.965  0.00317923 0.965
0.97  -1.39723e-05 0.97
0.975  -0.00318691 0.975
0.98  6.32909e-06 0.98
0.985  0.00317931 0.985
0.99  -1.38963e-05 0.99
0.995  -0.00318684 0.995
1  6.40439e-06 1
