0  1 0
0.0628319  0.893007 0.0628319
0.125664  0.826144 0.125664
0.188496  0.80621 0.188496
0.251327  0.80785 0.251327
0.314159  0.792171 0.314159
0.376991  0.735404 0.376991
0.439823  0.646365 0.439823
0.502655  0.559795 0.502655
0.565487  0.510507 0.565487
0.628319  0.507487 0.628319
0.69115  0.527127 0.69115
0.753982  0.530612 0.753982
0.816814  0.49257 0.816814
0.879646  0.419771 0.879646
0.942478  0.346034 0.942478
1.00531  0.307094 1.00531
1.06814  0.314066 1.06814
1.13097  0.345139 1.13097
1.19381  0.361665 1.19381
1.25664  0.336724 1.25664
1.31947  0.275001 1.31947
1.3823  0.209262 1.3823
1.44513  0.176038 1.44513
1.50796  0.188516 1.50796
1.5708  0.226732 1.5708
1.63363  0.252311 1.63363
1.69646  0.236852 1.69646
1.75929  0.182923 1.75929
1.82212  0.122126 1.82212
1.88496  0.0916568 1.88496
1.94779  0.106727 1.94779
2.01062  0.149268 2.01062
2.07345  0.181285 2.07345
2.13628  0.172974 2.13628
2.19911  0.124769 2.19911
2.26195  0.0670011 2.26195
2.32478  0.0374092 2.32478
2.38761  0.0531726 2.38761
2.45044  0.098167 2.45044
2.51327  0.13489 2.51327
2.57611  0.132218 2.57611
2.63894  0.0884464 2.63894
2.70177  0.0325327 2.70177
2.7646  0.00263888 2.7646
2.82743  0.0178535 2.82743
2.89027  0.0640421 2.89027
2.9531  0.104304 2.9531
3.01593  0.106292 3.01593
3.07876  0.0661606 3.07876
3.14159  0.0114029 3.14159
3.20442  -0.0195188 3.20442
3.26726  -0.00566851 3.26726
3.33009  0.0408495 3.33009
3.39292  0.0838485 3.39292
3.45575  0.0898538 3.45575
3.51858  0.0528885 3.51858
3.58142  -0.00110531 3.58142
3.64425  -0.0334864 3.64425
3.70708  -0.0215384 3.70708
3.76991  0.0247003 3.76991
3.83274  0.0698668 3.83274
3.89557  0.0794604 3.89557
3.95841  0.0453909 3.95841
4.02124  -0.0080337 4.02124
4.08407  -0.0421137 4.08407
4.1469  -0.0324239 4.1469
4.20973  0.013093 4.20973
4.27257  0.0600062 4.27257
4.3354  0.0728944 4.3354
4.39823  0.0415778 4.39823
4.46106  -0.0113452 4.46106
4.52389  -0.0472375 4.52389
4.58673  -0.0400412 4.58673
4.64956  0.00442024 4.64956
4.71239  0.0527537 4.71239
4.77522  0.0687266 4.77522
4.83805  0.0401 4.83805
4.90088  -0.0123079 4.90088
4.96372  -0.0500423 4.96372
5.02655  -0.0454942 5.02655
5.08938  -0.00234994 5.08938
5.15221  0.0471378 5.15221
5.21504  0.0660362 5.21504
5.27788  0.0400852 5.27788
5.34071  -0.0117421 5.34071
5.40354  -0.0512927 5.40354
5.46637  -0.0494921 5.46637
5.5292  -0.00787846 5.5292
5.59203  0.0425352 5.59203
5.65487  0.0642302 5.65487
5.7177  0.0409689 5.7177
5.78053  -0.0101799 5.78053
5.84336  -0.051483 5.84336
5.90619  -0.0524902 5.90619
5.96903  -0.0125875 5.96903
6.03186  0.0385479 6.03186
6.09469  0.0629269 6.09469
6.15752  0.0423843 6.15752
6.22035  -0.00796781 6.22035
6.28319  -0.0509332 6.28319
6.34602  -0.0547806 6.34602
6.40885  -0.0167454 6.40885
6.47168  0.0349223 6.47168
6.53451  0.0618807 6.53451
6.59734  0.0440929 6.59734
6.66018  -0.00533272 6.66018
6.72301  -0.0498519 6.72301
6.78584  -0.0565504 6.78584
6.84867  -0.0205217 6.84867
6.9115  0.0314986 6.9115
6.97434  0.0609341 6.97434
7.03717  0.0459384 7.03717
7.1  -0.00242454 7.1
7.16283  -0.0483755 7.16283
7.22566  -0.0579189 7.22566
7.28849  -0.0240219 7.28849
7.35133  0.0281771 7.35133
7.41416  0.0599865 7.41416
7.47699  0.0478179 7.47699
7.53982  0.000656435 7.53982
7.60265  -0.0465942 7.60265
7.66549  -0.0589626 7.66549
7.72832  -0.027311 7.72832
7.79115  0.0248969 7.79115
7.85398  0.0589741 7.85398
7.91681  0.0496629 7.91681
7.97965  0.00384185 7.97965
8.04248  -0.0445688 8.04248
8.10531  -0.05973 8.10531
8.16814  -0.0304274 8.16814
8.23097  0.0216226 8.23097
8.2938  0.0578571 8.2938
8.35664  0.0514273 8.35664
8.41947  0.00708397 8.41947
8.4823  -0.0423413 8.4823
8.54513  -0.0602523 8.54513
8.60796  -0.033393 8.60796
8.6708  0.0183348 8.6708
8.73363  0.0566113 8.73363
8.79646  0.0530798 8.79646
8.85929  0.0103484 8.85929
8.92212  -0.0399413 8.92212
8.98495  -0.0605493 8.98495
9.04779  -0.0362187 9.04779
9.11062  0.0150247 9.11062
9.17345  0.0552228 9.17345
9.23628  0.0545984 9.23628
9.29911  0.0136092 9.29911
9.36195  -0.0373911 9.36195
9.42478  -0.060634 9.42478
9.48761  -0.0389088 9.48761
9.55044  0.0116902 9.55044
9.61327  0.0536842 9.61327
9.67611  0.0559677 9.67611
9.73894  0.0168463 9.73894
9.80177  -0.034708 9.80177
9.8646  -0.060515 9.8646
9.92743  -0.0414635 9.92743
9.99026  0.00833384 9.99026
10.0531  0.0519931 10.0531
10.1159  0.0571765 10.1159
10.1788  0.0200431 10.1788
10.2416  -0.0319066 10.2416
10.3044  -0.0601984 10.3044
10.3673  -0.0438801 10.3673
10.4301  0.00496088 10.4301
10.4929  0.0501498 10.4929
10.5558  0.0582166 10.5558
10.6186  0.0231856 10.6186
10.6814  -0.0289993 10.6814
10.7442  -0.059689 10.7442
10.8071  -0.0461548 10.8071
10.8699  0.0015785 10.8699
10.9327  0.0481569 10.9327
10.9956  0.0590819 10.9956
11.0584  0.0262612 11.0584
11.1212  -0.0259977 11.1212
11.1841  -0.0589908 11.1841
11.2469  -0.0482827 11.2469
11.3097  -0.00180495 11.3097
11.3726  0.0460188 11.3726
11.4354  0.0597679 11.4354
11.4982  0.0292588 11.4982
11.5611  -0.0229128 11.5611
11.6239  -0.0581073 11.6239
11.6867  -0.0502586 11.6867
11.7496  -0.00518036 11.7496
11.8124  0.0437406 11.8124
11.8752  0.0602712 11.8752
11.9381  0.0321679 11.9381
12.0009  -0.0197552 12.0009
12.0637  -0.0570423 12.0637
12.1265  -0.0520775 12.1265
12.1894  -0.00853817 12.1894
12.2522  0.0413286 12.2522
12.315  0.0605895 12.315
12.3779  0.0349789 12.3779
12.4407  -0.0165352 12.4407
12.5035  -0.0557998 12.5035
12.5664  -0.0537343 12.5664
