0  1 0
0.125664  0.902782 0.125664
0.251327  0.771464 0.251327
0.376991  0.669723 0.376991
0.502655  0.61975 0.502655
0.628319  0.545152 0.628319
0.753982  0.452246 0.753982
0.879646  0.412065 0.879646
1.00531  0.38646 1.00531
1.13097  0.318054 1.13097
1.25664  0.266868 1.25664
1.3823  0.263764 1.3823
1.50796  0.234483 1.50796
1.63363  0.17761 1.63363
1.75929  0.166852 1.75929
1.88496  0.172103 1.88496
2.01062  0.131232 2.01062
2.13628  0.0992879 2.13628
2.26195  0.114919 2.26195
2.38761  0.10647 2.38761
2.51327  0.0644208 2.51327
2.63894  0.0638952 2.63894
2.7646  0.0828947 2.7646
2.89027  0.0550344 2.89027
3.01593  0.0294723 3.01593
3.14159  0.0519555 3.14159
3.26726  0.0541343 3.26726
3.39292  0.018336 3.39292
3.51858  0.0200306 3.51858
3.64425  0.0454729 3.64425
3.76991  0.0247307 3.76991
3.89557  0.00036683 3.89557
4.02124  0.0245735 4.02124
4.1469  0.0330755 4.1469
4.27257  0.000198426 4.27257
4.39823  0.000765355 4.39823
4.52389  0.0294018 4.52389
4.64956  0.0134464 4.64956
4.77522  -0.0117001 4.77522
4.90088  0.0119183 4.90088
5.02655  0.0248635 5.02655
5.15221  -0.00625143 5.15221
5.27788  -0.00819967 5.27788
5.40354  0.0220596 5.40354
5.5292  0.0100145 5.5292
5.65487  -0.0165508 5.65487
5.78053  0.0053523 5.78053
5.90619  0.0218442 5.90619
6.03186  -0.00777341 6.03186
6.15752  -0.0127855 6.15752
6.28319  0.0182174 6.28319
6.40885  0.00978596 6.40885
6.53451  -0.0182628 6.53451
6.66018  0.00130789 6.66018
6.78584  0.0208371 6.78584
6.9115  -0.00718667 6.9115
7.03717  -0.0154384 7.03717
7.16283  0.0157154 7.16283
7.28849  0.010817 7.28849
7.41416  -0.0185314 7.41416
7.53982  -0.00167894 7.53982
7.66549  0.0205194 7.66549
7.79115  -0.00567599 7.79115
7.91681  -0.017164 7.91681
8.04248  0.0136687 8.04248
8.16814  0.0122871 8.16814
8.2938  -0.0180659 8.2938
8.41947  -0.00419951 8.41947
8.54513  0.020341 8.54513
8.6708  -0.00374864 8.6708
8.79646  -0.0183718 8.79646
8.92212  0.0117226 8.92212
9.04779  0.0138431 9.04779
9.17345  -0.0171675 9.17345
9.29911  -0.00648331 9.29911
9.42478  0.0200742 9.42478
9.55044  -0.00163118 9.55044
9.67611  -0.0192258 9.67611
9.80177  0.0097434 9.80177
9.92743  0.0153266 9.92743
10.0531  -0.0159699 10.0531
10.1788  -0.00861028 10.1788
10.3044  0.019627 10.3044
10.4301  0.000566094 10.4301
10.5558  -0.0197895 10.5558
10.6814  0.00769018 10.6814
10.8071  0.0166616 10.8071
10.9327  -0.0145389 10.9327
11.0584  -0.010599 11.0584
11.1841  0.0189652 11.1841
11.3097  0.00278113 11.3097
11.4354  -0.0200868 11.4354
11.5611  0.00556118 11.5611
11.6867  0.0178077 11.6867
11.8124  -0.0129132 11.8124
11.9381  -0.0124435 11.9381
12.0637  0.0180807 12.0637
12.1894  0.00497206 12.1894
12.315  -0.0201268 12.315
12.4407  0.00337143 12.4407
12.5664  0.0187406 12.5664
