0  1 0
0.251327  0.615515 0.251327
0.502655  0.626838 0.502655
0.753982  0.437808 0.753982
1.00531  0.330367 1.00531
1.25664  0.362816 1.25664
1.50796  0.128782 1.50796
1.75929  0.298816 1.75929
2.01062  0.0417398 2.01062
2.26195  0.1978 2.26195
2.51327  0.0544298 2.51327
2.7646  0.0685746 2.7646
3.01593  0.112588 3.01593
3.26726  -0.0407707 3.26726
3.51858  0.148713 3.51858
3.76991  -0.0819263 3.76991
4.02124  0.120363 4.02124
4.27257  -0.042858 4.27257
4.52389  0.0341754 4.52389
4.77522  0.0412344 4.77522
5.02655  -0.0609327 5.02655
5.27788  0.109061 5.27788
5.5292  -0.10743 5.5292
5.78053  0.112213 5.78053
6.03186  -0.0779218 6.03186
6.28319  0.0461304 6.28319
6.53451  0.00623847 6.53451
6.78584  -0.0474122 6.78584
7.03717  0.0885516 7.03717
7.28849  -0.108047 7.28849
7.53982  0.11419 7.53982
7.79115  -0.0966321 7.79115
8.04248  0.0658117 8.04248
8.2938  -0.0210736 8.2938
8.54513  -0.0251687 8.54513
8.79646  0.0687815 8.79646
9.04779  -0.0992591 9.04779
9.29911  0.1138 9.29911
9.55044  -0.107975 9.55044
9.80177  0.084331 9.80177
10.0531  -0.0456835 10.0531
10.3044  -0.000355359 10.3044
10.5558  0.0466839 10.5558
10.8071  -0.0847307 10.8071
11.0584  0.108479 11.0584
11.3097  -0.113455 11.3097
11.5611  0.0991274 11.5611
11.8124  -0.0676956 11.8124
12.0637  0.0247522 12.0637
12.315  0.0225067 12.315
12.5664  -0.0658496 12.5664
