0  0 0
0.005  8.67362e-19 0.005
0.01  -0.00497512 0.01
0.015  -0.00495037 0.015
0.02  4.93806e-05 0.02
0.025  4.91349e-05 0.025
0.03  -0.00492623 0.03
0.035  -0.00490173 0.035
0.04  9.77858e-05 0.04
0.045  9.72993e-05 0.045
0.05  -0.00487831 0.05
0.055  -0.00485404 0.055
0.06  0.000145235 0.06
0.065  0.000144512 0.065
0.07  -0.00483133 0.07
0.075  -0.00480729 0.075
0.08  0.000191747 0.08
0.085  0.000190793 0.085
0.09  -0.00478528 0.09
0.095  -0.00476147 0.095
0.1  0.00023734 0.1
0.105  0.000236159 0.105
0.11  -0.00474014 0.11
0.115  -0.00471656 0.115
0.12  0.000282032 0.12
0.125  0.000280629 0.125
0.13  -0.00469589 0.13
0.135  -0.00467253 0.135
0.14  0.000325842 0.14
0.145  0.000324221 0.145
0.15  -0.00465252 0.15
0.155  -0.00462937 0.155
0.16  0.000368786 0.16
0.165  0.000366952 0.165
0.17  -0.00461 0.17
0.175  -0.00458706 0.175
0.18  0.000410883 0.18
0.185  0.000408838 0.185
0.19  -0.00456832 0.19
0.195  -0.00454559 0.195
0.2  0.000452147 0.2
0.205  0.000449898 0.205
0.21  -0.00452746 0.21
0.215  -0.00450494 0.215
0.22  0.000492597 0.22
0.225  0.000490146 0.225
0.23  -0.00448742 0.23
0.235  -0.00446509 0.235
0.24  0.000532247 0.24
0.245  0.000529599 0.245
0.25  -0.00444816 0.25
0.255  -0.00442603 0.255
0.26  0.000571115 0.26
0.265  0.000568273 0.265
0.27  -0.00440968 0.27
0.275  -0.00438774 0.275
0.28  0.000609214 0.28
0.285  0.000606183 0.285
0.29  -0.00437196 0.29
0.295  -0.00435021 0.295
0.3  0.000646561 0.3
0.305  0.000643345 0.305
0.31  -0.00433498 0.31
0.315  -0.00431341 0.315
0.32  0.000683171 0.32
0.325  0.000679772 0.325
0.33  -0.00429873 0.33
0.335  -0.00427735 0.335
0.34  0.000719057 0.34
0.345  0.00071548 0.345
0.35  -0.0042632 0.35
0.355  -0.00424199 0.355
0.36  0.000754235 0.36
0.365  0.000750482 0.365
0.37  -0.00422838 0.37
0.375  -0.00420734 0.375
0.38  0.000788717 0.38
0.385  0.000784793 0.385
0.39  -0.00419424 0.39
0.395  -0.00417337 0.395
0.4  0.000822519 0.4
0.405  0.000818426 0.405
0.41  -0.00416077 0.41
0.415  -0.00414007 0.415
0.42  0.000855652 0.42
0.425  0.000851395 0.425
0.43  -0.00412796 0.43
0.435  -0.00410743 0.435
0.44  0.000888132 0.44
0.445  0.000883713 0.445
0.45  -0.00409581 0.45
0.455  -0.00407543 0.455
0.46  0.000919969 0.46
0.465  0.000915393 0.465
0.47  -0.00406429 0.47
0.475  -0.00404407 0.475
0.48  0.000951178 0.48
0.485  0.000946446 0.485
0.49  -0.00403339 0.49
0.495  -0.00401332 0.495
0.5  0.000981771 0.5
0.505  0.000976886 0.505
0.51  -0.0040031 0.51
0.515  -0.00398318 0.515
0.52  0.00101176 0.52
0.525  0.00100673 0.525
0.53  -0.00397341 0.53
0.535  -0.00395364 0.535
0.54  0.00104115 0.54
0.545  0.00103597 0.545
0.55  -0.0039443 0.55
0.555  -0.00392468 0.555
0.56  0.00106997 0.56
0.565  0.00106465 0.565
0.57  -0.00391577 0.57
0.575  -0.00389629 0.575
0.58  0.00109822 0.58
0.585  0.00109275 0.585
0.59  -0.00388781 0.59
0.595  -0.00386847 0.595
0.6  0.0011259 0.6
0.605  0.0011203 0.605
0.61  -0.0038604 0.61
0.615  -0.00384119 0.615
0.62  0.00115305 0.62
0.625  0.00114731 0.625
0.63  -0.00383352 0.63
0.635  -0.00381445 0.635
0.64  0.00117965 0.64
0.645  0.00117378 0.645
0.65  -0.00380718 0.65
0.655  -0.00378824 0.655
0.66  0.00120573 0.66
0.665  0.00119973 0.665
0.67  -0.00378136 0.67
0.675  -0.00376255 0.675
0.68  0.00123129 0.68
0.685  0.00122517 0.685
0.69  -0.00375605 0.69
0.695  -0.00373736 0.695
0.7  0.00125635 0.7
0.705  0.0012501 0.705
0.71  -0.00373124 0.71
0.715  -0.00371268 0.715
0.72  0.00128092 0.72
0.725  0.00127455 0.725
0.73  -0.00370692 0.73
0.735  -0.00368848 0.735
0.74  0.001305 0.74
0.745  0.00129851 0.745
0.75  -0.00368308 0.75
0.755  -0.00366476 0.755
0.76  0.0013286 0.76
0.765  0.00132199 0.765
0.77  -0.00365971 0.77
0.775  -0.0036415 0.775
0.78  0.00135174 0.78
0.785  0.00134501 0.785
0.79  -0.0036368 0.79
0.795  -0.00361871 0.795
0.8  0.00137442 0.8
0.805  0.00136758 0.805
0.81  -0.00361435 0.81
0.815  -0.00359637 0.815
0.82  0.00139665 0.82
0.825  0.0013897 0.825
0.83  -0.00359234 0.83
0.835  -0.00357446 0.835
0.84  0.00141844 0.84
0.845  0.00141139 0.845
0.85  -0.00357076 0.85
0.855  -0.00355299 0.855
0.86  0.00143981 0.86
0.865  0.00143264 0.865
0.87  -0.00354961 0.87
0.875  -0.00353195 0.875
0.88  0.00146075 0.88
0.885  0.00145348 0.885
0.89  -0.00352887 0.89
0.895  -0.00351132 0.895
0.9  0.00148128 0.9
0.905  0.00147391 0.905
0.91  -0.00350855 0.91
0.915  -0.0034911 0.915
0.92  0.0015014 0.92
0.925  0.00149393 0.925
0.93  -0.00348863 0.93
0.935  -0.00347127 0.935
0.94  0.00152112 0.94
0.945  0.00151355 0.945
0.95  -0.0034691 0.95
0.955  -0.00345184 0.955
0.96  0.00154046 0.96
0.965  0.00153279 0.965
0.97  -0.00344996 0.97
0.975  -0.00343279 0.975
0.98  0.00155941 0.98
0.985  0.00155165 0.985
0.99  -0.00343119 0.99
0.995  -0.00341412 0.995
1  0.00157799 1
