0  0 0
0.02  0.0196078 0.02
0.04  0.0388312 0.04
0.06  0.0576777 0.06
0.08  0.0761546 0.08
0.1  0.0942692 0.1
0.12  0.112029 0.12
0.14  0.12944 0.14
0.16  0.14651 0.16
0.18  0.163245 0.18
0.2  0.179652 0.2
0.22  0.195737 0.22
0.24  0.211507 0.24
0.26  0.226967 0.26
0.28  0.242125 0.28
0.3  0.256985 0.3
0.32  0.271554 0.32
0.34  0.285837 0.34
0.36  0.299841 0.36
0.38  0.313569 0.38
0.4  0.327029 0.4
0.42  0.340224 0.42
0.44  0.353161 0.44
0.46  0.365844 0.46
0.48  0.378279 0.48
0.5  0.390469 0.5
0.52  0.402421 0.52
0.54  0.414138 0.54
0.56  0.425625 0.56
0.58  0.436888 0.58
0.6  0.447929 0.6
0.62  0.458754 0.62
0.64  0.469367 0.64
0.66  0.479771 0.66
0.68  0.489972 0.68
0.7  0.499972 0.7
0.72  0.509777 0.72
0.74  0.519389 0.74
0.76  0.528813 0.76
0.78  0.538052 0.78
0.8  0.54711 0.8
0.82  0.55599 0.82
0.84  0.564696 0.84
0.86  0.573231 0.86
0.88  0.581599 0.88
0.9  0.589803 0.9
0.92  0.597846 0.92
0.94  0.605732 0.94
0.96  0.613462 0.96
0.98  0.621042 0.98
1  0.628472 1
