0  0 0
0.00666667  -0.00331126 0.00666667
0.0133333  -0.00660059 0.0133333
0.02  6.56414e-05 0.02
0.0266667  -0.00324605 0.0266667
0.0333333  -0.00653581 0.0333333
0.04  0.000129987 0.04
0.0466667  -0.00318213 0.0466667
0.0533333  -0.00647232 0.0533333
0.06  0.000193063 0.06
0.0666667  -0.00311947 0.0666667
0.0733333  -0.00641007 0.0733333
0.08  0.000254894 0.08
0.0866667  -0.00305805 0.0866667
0.0933333  -0.00634906 0.0933333
0.1  0.000315505 0.1
0.106667  -0.00299784 0.106667
0.113333  -0.00628925 0.113333
0.12  0.000374919 0.12
0.126667  -0.00293882 0.126667
0.133333  -0.00623062 0.133333
0.14  0.000433161 0.14
0.146667  -0.00288097 0.146667
0.153333  -0.00617314 0.153333
0.16  0.000490254 0.16
0.166667  -0.00282425 0.166667
0.173333  -0.00611681 0.173333
0.18  0.000546219 0.18
0.186667  -0.00276866 0.186667
0.193333  -0.00606158 0.193333
0.2  0.00060108 0.2
0.206667  -0.00271416 0.206667
0.213333  -0.00600744 0.213333
0.22  0.000654858 0.22
0.226667  -0.00266074 0.226667
0.233333  -0.00595437 0.233333
0.24  0.000707575 0.24
0.246667  -0.00260837 0.246667
0.253333  -0.00590235 0.253333
0.26  0.000759252 0.26
0.266667  -0.00255703 0.266667
0.273333  -0.00585136 0.273333
0.28  0.000809908 0.28
0.286667  -0.00250671 0.286667
0.293333  -0.00580137 0.293333
0.3  0.000859565 0.3
0.306667  -0.00245739 0.306667
0.313333  -0.00575237 0.313333
0.32  0.000908242 0.32
0.326667  -0.00240903 0.326667
0.333333  -0.00570434 0.333333
0.34  0.000955958 0.34
0.346667  -0.00236163 0.346667
0.353333  -0.00565725 0.353333
0.36  0.00100273 0.36
0.366667  -0.00231517 0.366667
0.373333  -0.00561109 0.373333
0.38  0.00104858 0.38
0.386667  -0.00226962 0.386667
0.393333  -0.00556585 0.393333
0.4  0.00109353 0.4
0.406667  -0.00222497 0.406667
0.413333  -0.00552149 0.413333
0.42  0.00113759 0.42
0.426667  -0.0021812 0.426667
0.433333  -0.00547802 0.433333
0.44  0.00118078 0.44
0.446667  -0.0021383 0.446667
0.453333  -0.0054354 0.453333
0.46  0.00122312 0.46
0.466667  -0.00209624 0.466667
0.473333  -0.00539362 0.473333
0.48  0.00126462 0.48
0.486667  -0.00205502 0.486667
0.493333  -0.00535266 0.493333
0.5  0.0013053 0.5
0.506667  -0.0020146 0.506667
0.513333  -0.00531252 0.513333
0.52  0.00134518 0.52
0.526667  -0.00197499 0.526667
0.533333  -0.00527317 0.533333
0.54  0.00138427 0.54
0.546667  -0.00193615 0.546667
0.553333  -0.00523459 0.553333
0.56  0.00142259 0.56
0.566667  -0.00189809 0.566667
0.573333  -0.00519677 0.573333
0.58  0.00146016 0.58
0.586667  -0.00186077 0.586667
0.593333  -0.00515971 0.593333
0.6  0.00149698 0.6
0.606667  -0.00182419 0.606667
0.613333  -0.00512337 0.613333
0.62  0.00153308 0.62
0.626667  -0.00178833 0.626667
0.633333  -0.00508775 0.633333
0.64  0.00156846 0.64
0.646667  -0.00175318 0.646667
0.653333  -0.00505283 0.653333
0.66  0.00160315 0.66
0.666667  -0.00171873 0.666667
0.673333  -0.0050186 0.673333
0.68  0.00163715 0.68
0.686667  -0.00168495 0.686667
0.693333  -0.00498505 0.693333
0.7  0.00167048 0.7
0.706667  -0.00165184 0.706667
0.713333  -0.00495216 0.713333
0.72  0.00170315 0.72
0.726667  -0.00161939 0.726667
0.733333  -0.00491992 0.733333
0.74  0.00173518 0.74
0.746667  -0.00158757 0.746667
0.753333  -0.00488832 0.753333
0.76  0.00176657 0.76
0.766667  -0.00155638 0.766667
0.773333  -0.00485733 0.773333
0.78  0.00179735 0.78
0.786667  -0.00152581 0.786667
0.793333  -0.00482696 0.793333
0.8  0.00182752 0.8
0.806667  -0.00149584 0.806667
0.813333  -0.00479719 0.813333
0.82  0.00185709 0.82
0.826667  -0.00146647 0.826667
0.833333  -0.00476801 0.833333
0.84  0.00188608 0.84
0.846667  -0.00143767 0.846667
0.853333  -0.00473941 0.853333
0.86  0.0019145 0.86
0.866667  -0.00140944 0.866667
0.873333  -0.00471136 0.873333
0.88  0.00194235 0.88
0.886667  -0.00138177 0.886667
0.893333  -0.00468387 0.893333
0.9  0.00196966 0.9
0.906667  -0.00135464 0.906667
0.913333  -0.00465693 0.913333
0.92  0.00199643 0.92
0.926667  -0.00132805 0.926667
0.933333  -0.00463051 0.933333
0.94  0.00202267 0.94
0.946667  -0.00130199 0.946667
0.953333  -0.00460462 0.953333
0.96  0.00204839 0.96
0.966667  -0.00127643 0.966667
0.973333  -0.00457924 0.973333
0.98  0.0020736 0.98
0.986667  -0.00125139 0.986667
0.993333  -0.00455436 0.993333
1  0.00209832 1
