0  1 0
0.0837758  0.951702 0.0837758
0.167552  0.822597 0.167552
0.251327  0.688335 0.251327
0.335103  0.637633 0.335103
0.418879  0.6609 0.418879
0.502655  0.661749 0.502655
0.586431  0.577012 0.586431
0.670206  0.455271 0.670206
0.753982  0.395782 0.753982
0.837758  0.424094 0.837758
0.921534  0.459809 0.921534
1.00531  0.416758 1.00531
1.08909  0.310412 1.08909
1.17286  0.238299 1.17286
1.25664  0.257904 1.25664
1.34041  0.314619 1.34041
1.42419  0.309789 1.42419
1.50796  0.223816 1.50796
1.59174  0.140483 1.59174
1.67552  0.142102 1.67552
1.75929  0.206513 1.75929
1.84307  0.234645 1.84307
1.92684  0.1742 1.92684
2.01062  0.0848924 2.01062
2.0944  0.0637288 2.0944
2.17817  0.123688 2.17817
2.26195  0.177416 2.26195
2.34572  0.146306 2.34572
2.4295  0.0586545 2.4295
2.51327  0.014232 2.51327
2.59705  0.0595429 2.59705
2.68083  0.129654 2.68083
2.7646  0.129283 2.7646
2.84838  0.0518177 2.84838
2.93215  -0.0124673 2.93215
3.01593  0.0107366 3.01593
3.0997  0.0868743 3.0997
3.18348  0.115672 3.18348
3.26726  0.0564113 3.26726
3.35103  -0.0212208 3.35103
3.43481  -0.024241 3.43481
3.51858  0.0474072 3.51858
3.60236  0.100759 3.60236
3.68614  0.0659794 3.68614
3.76991  -0.0163906 3.76991
3.85369  -0.0461129 3.85369
3.93746  0.0114683 3.93746
4.02124  0.0821032 4.02124
4.10501  0.0754069 4.10501
4.18879  -0.00220581 4.18879
4.27257  -0.0555495 4.27257
4.35634  -0.0196268 4.35634
4.44012  0.0591376 4.44012
4.52389  0.0809009 4.52389
4.60767  0.0171607 4.60767
4.69145  -0.0536363 4.69145
4.77522  -0.0441317 4.77522
4.859  0.032771 4.859
4.94277  0.0800244 4.94277
5.02655  0.0377053 5.02655
5.11032  -0.0421091 5.11032
5.1941  -0.0604234 5.1941
5.27788  0.00496212 5.27788
5.36165  0.0717061 5.36165
5.44543  0.0558184 5.44543
5.5292  -0.0233863 5.5292
5.61298  -0.0674283 5.61298
5.69675  -0.0217302 5.69675
5.78053  0.0561785 5.78053
5.86431  0.0685494 5.86431
5.94808  -0.000437314 5.94808
6.03186  -0.0649059 6.03186
6.11563  -0.0446011 6.11563
6.19941  0.0348202 6.19941
6.28319  0.0738488 6.28319
6.36696  0.023472 6.36696
6.45074  -0.0535801 6.45074
6.53451  -0.0612256 6.53451
6.61829  0.00990017 6.61829
6.70206  0.0707409 6.70206
6.78584  0.0451065 6.78584
6.86962  -0.0351181 6.86962
6.95339  -0.0698187 6.95339
7.03717  -0.0157587 7.03717
7.12094  0.0593895 7.12094
7.20472  0.0616101 7.20472
7.28849  -0.0119714 7.28849
7.37227  -0.0694967 7.37227
7.45605  -0.0391648 7.45605
7.53982  0.0410423 7.53982
7.6236  0.0708226 7.6236
7.70737  0.012895 7.70737
7.79115  -0.0604134 7.79115
7.87493  -0.0575504 7.87493
7.9587  0.017854 7.9587
8.04248  0.0715234 8.04248
8.12625  0.036346 8.12625
8.21003  -0.0437603 8.21003
8.2938  -0.0687296 8.2938
8.37758  -0.00739434 8.37758
8.46136  0.0635664 8.46136
8.54513  0.0554477 8.54513
8.62891  -0.0216326 8.62891
8.71268  -0.0713773 8.71268
8.79646  -0.0316471 8.79646
8.88024  0.0478882 8.88024
8.96401  0.0678183 8.96401
9.04779  0.00321954 9.04779
9.13156  -0.0652001 9.13156
9.21534  -0.0519565 9.21534
9.29911  0.0263862 9.29911
9.38289  0.0719147 9.38289
9.46667  0.0277227 9.46667
9.55044  -0.0509773 9.55044
9.63422  -0.0658492 9.63422
9.71799  0.00168173 9.71799
9.80177  0.0672175 9.80177
9.88554  0.0488539 9.88554
9.96932  -0.0304688 9.96932
10.0531  -0.071633 10.0531
10.1369  -0.0232049 10.1369
10.2206  0.0542921 10.2206
10.3044  0.0640092 10.3044
10.3882  -0.00620136 10.3882
10.472  -0.0686066 10.472
10.5558  -0.045227 10.5558
10.6395  0.0347176 10.6395
10.7233  0.0713216 10.7233
10.8071  0.01884 10.8071
10.8909  -0.0571474 10.8909
10.9746  -0.0616868 10.9746
11.0584  0.0108917 11.0584
11.1422  0.0698889 11.1422
11.226  0.0415774 11.226
11.3097  -0.0386658 11.3097
11.3935  -0.0705677 11.3935
11.4773  -0.0142644 11.4773
11.5611  0.0598839 11.5611
11.6448  0.0592171 11.6448
11.7286  -0.0154329 11.7286
11.8124  -0.070782 11.8124
11.8962  -0.0376651 11.8962
11.9799  0.0425326 11.9799
12.0637  0.0695921 12.0637
12.1475  0.00969786 12.1475
12.2313  -0.0623049 12.2313
12.315  -0.0564396 12.315
12.3988  0.0199635 12.3988
12.4826  0.0714275 12.4826
12.5664  0.0336406 12.5664
