0  1 0
0.0628319  0.978108 0.0628319
0.125664  0.908047 0.125664
0.188496  0.801729 0.188496
0.251327  0.700282 0.251327
0.314159  0.64345 0.314159
0.376991  0.640025 0.376991
0.439823  0.661215 0.439823
0.502655  0.661846 0.502655
0.565487  0.613716 0.565487
0.628319  0.526375 0.628319
0.69115  0.439959 0.69115
0.753982  0.395368 0.753982
0.816814  0.403892 0.816814
0.879646  0.438767 0.879646
0.942478  0.454921 0.942478
1.00531  0.422286 1.00531
1.06814  0.347997 1.06814
1.13097  0.27105 1.13097
1.19381  0.233353 1.19381
1.25664  0.248639 1.25664
1.31947  0.292237 1.31947
1.3823  0.319296 1.3823
1.44513  0.297958 1.44513
1.50796  0.232907 1.50796
1.5708  0.161861 1.5708
1.63363  0.127596 1.63363
1.69646  0.146228 1.69646
1.75929  0.195244 1.75929
1.82212  0.230142 1.82212
1.88496  0.217361 1.88496
1.94779  0.15911 1.94779
2.01062  0.0917015 2.01062
2.07345  0.0586365 2.07345
2.13628  0.0783583 2.13628
2.19911  0.130572 2.19911
2.26195  0.171255 2.26195
2.32478  0.16524 2.32478
2.38761  0.112245 2.38761
2.45044  0.0470616 2.45044
2.51327  0.0137736 2.51327
2.57611  0.033089 2.57611
2.63894  0.0869893 2.63894
2.70177  0.132061 2.70177
2.7646  0.131635 2.7646
2.82743  0.0829343 2.82743
2.89027  0.0191192 2.89027
2.9531  -0.0152846 2.9531
3.01593  0.00262779 3.01593
3.07876  0.0571662 3.07876
3.14159  0.105657 3.14159
3.20442  0.110041 3.20442
3.26726  0.0650524 3.26726
3.33009  0.002112 3.33009
3.39292  -0.0339511 3.39292
3.45575  -0.0181087 3.45575
3.51858  0.0363238 3.51858
3.58142  0.0875433 3.58142
3.64425  0.0962142 3.64425
3.70708  0.0545968 3.70708
3.76991  -0.00772517 3.76991
3.83274  -0.0457604 3.83274
3.89557  -0.0324361 3.89557
3.95841  0.0213466 3.95841
4.02124  0.0747827 4.02124
4.08407  0.0873813 4.08407
4.1469  0.0489513 4.1469
4.20973  -0.0128539 4.20973
4.27257  -0.0530206 4.27257
4.3354  -0.0425161 4.3354
4.39823  0.0102053 4.39823
4.46106  0.0654621 4.46106
4.52389  0.0817324 4.52389
4.58673  0.0464043 4.58673
4.64956  -0.0148851 4.64956
4.71239  -0.0572397 4.71239
4.77522  -0.0497578 4.77522
4.83805  0.00157935 4.83805
4.90088  0.0583355 4.90088
4.96372  0.0780855 4.96372
5.02655  0.0458353 5.02655
5.08938  -0.0148743 5.08938
5.15221  -0.0594039 5.15221
5.21504  -0.0550785 5.21504
5.27788  -0.00538898 5.27788
5.34071  0.0525927 5.34071
5.40354  0.0756688 5.40354
5.46637  0.0465092 5.46637
5.5292  -0.0135145 5.5292
5.59203  -0.0601585 5.59203
5.65487  -0.0590756 5.65487
5.7177  -0.0112554 5.7177
5.78053  0.0477083 5.78053
5.84336  0.0739789 5.84336
5.90619  0.0479433 5.90619
5.96903  -0.0112626 5.96903
6.03186  -0.0599268 6.03186
6.09469  -0.0621371 6.09469
6.15752  -0.0163787 6.15752
6.22035  0.0433429 6.22035
6.28319  0.0726873 6.28319
6.34602  0.0498191 6.34602
6.40885  -0.0084206 6.40885
6.47168  -0.0589876 6.47168
6.53451  -0.064515 6.53451
6.59734  -0.0209889 6.59734
6.66018  0.0392785 6.66018
6.72301  0.0715803 6.72301
6.78584  0.051926 6.78584
6.84867  -0.00519023 6.84867
6.9115  -0.057525 6.9115
6.97434  -0.0663726 6.97434
7.03717  -0.0252324 7.03717
7.1  0.0353767 7.1
7.16283  0.0705191 7.16283
7.22566  0.0541238 7.22566
7.28849  -0.00170728 7.28849
7.35133  -0.055662 7.35133
7.41416  -0.0678156 7.41416
7.47699  -0.0292009 7.47699
7.53982  0.0315508 7.53982
7.60265  0.0694143 7.60265
7.66549  0.0563183 7.66549
7.72832  0.00193535 7.72832
7.79115  -0.0534815 7.79115
7.85398  -0.0689122 7.85398
7.91681  -0.0329504 7.91681
7.97965  0.0277484 7.97965
8.04248  0.0682087 8.04248
8.10531  0.0584457 8.10531
8.16814  0.00567278 8.16814
8.23097  -0.0510409 8.23097
8.2938  -0.0697065 8.2938
8.35664  -0.0365141 8.35664
8.41947  0.0239391 8.41947
8.4823  0.0668665 8.4823
8.54513  0.0604623 8.54513
8.60796  0.00945846 8.60796
8.6708  -0.0483805 8.6708
8.73363  -0.070227 8.73363
8.79646  -0.0399101 8.79646
8.85929  0.0201074 8.85929
8.92212  0.065366 8.92212
8.98495  0.0623377 8.98495
9.04779  0.0132578 9.04779
9.11062  -0.0455301 9.11062
9.17345  -0.0704923 9.17345
9.23628  -0.0431469 9.23628
9.29911  0.0162471 9.29911
9.36195  0.0636951 9.36195
9.42478  0.06405 9.42478
9.48761  0.0170442 9.48761
9.55044  -0.0425126 9.55044
9.61327  -0.0705148 9.61327
9.67611  -0.046227 9.67611
9.73894  0.0123586 9.73894
9.80177  0.0618478 9.80177
9.8646  0.0655837 9.8646
9.92743  0.0207962 9.92743
9.99026  -0.0393464 9.99026
10.0531  -0.0703031 10.0531
10.1159  -0.0491489 10.1159
10.1788  0.00844623 10.1788
10.2416  0.0598228 10.2416
10.3044  0.0669274 10.3044
10.3673  0.0244959 10.3673
10.4301  -0.0360473 10.4301
10.4929  -0.0698634 10.4929
10.5558  -0.0519088 10.5558
10.6186  0.00451708 10.6186
10.6814  0.0576217 10.6814
10.7442  0.0680723 10.7442
10.8071  0.0281276 10.8071
10.8699  -0.0326293 10.8699
10.9327  -0.0692008 10.9327
10.9956  -0.0545018 10.9956
11.0584  0.000580066 11.0584
11.1212  0.0552481 11.1212
11.1841  0.0690122 11.1841
11.2469  0.0316774 11.2469
11.3097  -0.0291057 11.3097
11.3726  -0.0683197 11.3726
11.4354  -0.0569219 11.4354
11.4982  -0.00335475 11.4982
11.5611  0.0527074 11.5611
11.6239  0.0697422 11.6239
11.6867  0.0351325 11.6867
11.7496  -0.025489 11.7496
11.8124  -0.0672243 11.8124
11.8752  -0.0591633 11.8752
11.9381  -0.00727659 11.9381
12.0009  0.0500062 12.0009
12.0637  0.0702589 12.0637
12.1265  0.0384812 12.1265
12.1894  -0.0217914 12.1894
12.2522  -0.0659192 12.2522
12.315  -0.0612199 12.315
12.3779  -0.0111742 12.3779
12.4407  0.0471519 12.4407
12.5035  0.0705597 12.5035
12.5664  0.0417124 12.5664
