0  1 0
0.125664  0.865256 0.125664
0.251327  0.666595 0.251327
0.376991  0.657545 0.376991
0.502655  0.659146 0.502655
0.628319  0.489144 0.628319
0.753982  0.399449 0.753982
0.879646  0.465802 0.879646
1.00531  0.402959 1.00531
1.13097  0.251518 1.13097
1.25664  0.278356 1.25664
1.3823  0.331003 1.3823
1.50796  0.204474 1.50796
1.63363  0.135012 1.63363
1.75929  0.228824 1.75929
1.88496  0.204837 1.88496
2.01062  0.0724407 2.01062
2.13628  0.108142 2.13628
2.26195  0.18747 2.26195
2.38761  0.0849135 2.38761
2.51327  0.017828 2.51327
2.63894  0.121315 2.63894
2.7646  0.12171 2.7646
2.89027  -0.00312474 2.89027
3.01593  0.0293429 3.01593
3.14159  0.124018 3.14159
3.26726  0.0375023 3.26726
3.39292  -0.0345489 3.39292
3.51858  0.0700749 3.51858
3.64425  0.0883988 3.64425
3.76991  -0.0330614 3.76991
3.89557  -0.00931787 3.89557
4.02124  0.0950122 4.02124
4.1469  0.0215904 4.1469
4.27257  -0.058104 4.27257
4.39823  0.0431934 4.39823
4.52389  0.0764036 4.52389
4.64956  -0.0426822 4.64956
4.77522  -0.0301786 4.77522
4.90088  0.080543 4.90088
5.02655  0.0193685 5.02655
5.15221  -0.0685424 5.15221
5.27788  0.0267927 5.27788
5.40354  0.0732491 5.40354
5.5292  -0.0430828 5.5292
5.65487  -0.0429442 5.65487
5.78053  0.0719384 5.78053
5.90619  0.0230014 5.90619
6.03186  -0.0727196 6.03186
6.15752  0.0148704 6.15752
6.28319  0.0734619 6.28319
6.40885  -0.0391553 6.40885
6.53451  -0.051807 6.53451
6.66018  0.0654402 6.66018
6.78584  0.0290112 6.78584
6.9115  -0.073634 6.9115
7.03717  0.00486441 7.03717
7.16283  0.0746324 7.16283
7.28849  -0.0330864 7.28849
7.41416  -0.0585572 7.41416
7.53982  0.0594413 7.53982
7.66549  0.0358245 7.66549
7.79115  -0.072606 7.79115
7.91681  -0.00428465 7.91681
8.04248  0.0756952 8.04248
8.16814  -0.0258849 8.16814
8.2938  -0.0639407 8.2938
8.41947  0.0532788 8.41947
8.54513  0.0427023 8.54513
8.6708  -0.0702299 8.6708
8.79646  -0.0129803 8.79646
8.92212  0.0761782 8.92212
9.04779  -0.0180475 9.04779
9.17345  -0.0682532 9.17345
9.29911  0.0467072 9.29911
9.42478  0.049274 9.42478
9.55044  -0.0667891 9.55044
9.67611  -0.0213407 9.67611
9.80177  0.075875 9.80177
9.92743  -0.00984901 9.92743
10.0531  -0.0715995 10.0531
10.1788  0.0396673 10.1788
10.3044  0.0553333 10.3044
10.4301  -0.0624367 10.4301
10.5558  -0.029361 10.5558
10.6814  0.0747018 10.6814
10.8071  -0.00146854 10.8071
10.9327  -0.0740074 10.9327
11.0584  0.0321847 11.0584
11.1841  0.0607511 11.1841
11.3097  -0.0572752 11.3097
11.4354  -0.0369851 11.4354
11.5611  0.072635 11.5611
11.6867  0.00695639 11.6867
11.8124  -0.0754772 11.8124
11.9381  0.024325 11.9381
12.0637  0.0654364 12.0637
12.1894  -0.0513894 12.1894
12.315  -0.0441375 12.315
12.4407  0.0696834 12.4407
12.5664  0.0153068 12.5664
