0  1 0
0.125664  0.99461 -0.125584
0.251327  0.973477 -0.249815
0.376991  0.936857 -0.370721
0.502655  0.88525 -0.486377
0.628319  0.819397 -0.594929
0.753982  0.740267 -0.694626
0.879646  0.649043 -0.783847
1.00531  0.547105 -0.861132
1.13097  0.436012 -0.925198
1.25664  0.317471 -0.974967
1.3823  0.19332 -1.00958
1.50796  0.0654902 -1.02842
1.63363  -0.0640157 -1.0311
1.75929  -0.19316 -1.0175
1.88496  -0.319901 -0.987758
2.01062  -0.442224 -0.94226
2.13628  -0.558173 -0.881644
2.26195  -0.665885 -0.806794
2.38761  -0.763616 -0.718821
2.51327  -0.849773 -0.619048
2.63894  -0.922935 -0.508993
2.7646  -0.981881 -0.390344
2.89027  -1.02561 -0.264931
3.01593  -1.05335 -0.134703
3.14159  -1.06459 -0.00169202
3.26726  -1.05907 0.132013
3.39292  -1.03678 0.264303
3.51858  -0.997997 0.393081
3.64425  -0.943253 0.516295
3.76991  -0.87333 0.63197
3.89557  -0.789257 0.73824
4.02124  -0.692292 0.833379
4.1469  -0.583901 0.915828
4.27257  -0.46574 0.98422
4.39823  -0.339627 1.0374
4.52389  -0.207515 1.07446
4.64956  -0.0714604 1.09473
4.77522  0.0664059 1.09781
4.90088  0.203915 1.08355
5.02655  0.338893 1.0521
5.15221  0.469193 1.00387
5.27788  0.592734 0.939535
5.40354  0.70753 0.860033
5.5292  0.811723 0.766543
5.65487  0.903613 0.660471
5.78053  0.981687 0.543432
5.90619  1.04464 0.417218
6.03186  1.09141 0.283779
6.15752  1.12116 0.145185
6.28319  1.13335 0.00360262
6.40885  1.1277 -0.138748
6.53451  1.10419 -0.279621
6.66018  1.06312 -0.416782
6.78584  1.00505 -0.548048
6.9115  0.930809 -0.671312
7.03717  0.841485 -0.784588
7.16283  0.738418 -0.886037
7.28849  0.623165 -0.973994
7.41416  0.497488 -1.047
7.53982  0.363319 -1.10384
7.66549  0.222736 -1.14351
7.79115  0.0779285 -1.16532
7.91681  -0.0688377 -1.16883
8.04248  -0.215253 -1.15388
8.16814  -0.359002 -1.12063
8.2938  -0.4978 -1.0695
8.41947  -0.62943 -1.00122
8.54513  -0.751775 -0.916781
8.6708  -0.862856 -0.817428
8.79646  -0.960861 -0.704661
8.92212  -1.04418 -0.580194
9.04779  -1.11141 -0.445934
9.17345  -1.16142 -0.303955
9.29911  -1.19333 -0.15646
9.42478  -1.20655 -0.00575297
9.55044  -1.20077 0.145802
9.67611  -1.17599 0.295813
9.80177  -1.1325 0.441904
9.92743  -1.0709 0.581746
10.0531  -0.992067 0.713098
10.1788  -0.897166 0.833842
10.3044  -0.787612 0.942017
10.4301  -0.665064 1.03585
10.5558  -0.531393 1.11379
10.6814  -0.388654 1.17452
10.8071  -0.239058 1.217
10.9327  -0.0849337 1.24046
11.0584  0.0713063 1.24444
11.1841  0.227204 1.22878
11.3097  0.380294 1.19362
11.4354  0.528144 1.13943
11.5611  0.668392 1.06696
11.6867  0.798782 0.977269
11.8124  0.917206 0.871687
11.9381  1.02173 0.751802
12.0637  1.11064 0.619436
12.1894  1.18244 0.476618
12.315  1.23593 0.325553
12.4407  1.27015 0.168585
12.5664  1.28447 0.00816606
