0  1 0
0.251327  0.978439 -0.250691
0.502655  0.894497 -0.490572
0.753982  0.752228 -0.704238
1.00531  0.559463 -0.877631
1.25664  0.327386 -0.998961
1.50796  0.0698968 -1.05949
1.75929  -0.197216 -1.05417
2.01062  -0.457236 -0.982004
2.26195  -0.693558 -0.846206
2.51327  -0.89074 -0.654092
2.7646  -1.03551 -0.416688
3.01593  -1.11764 -0.148111
3.26726  -1.13068 0.135266
3.51858  -1.07239 0.4158
3.76991  -0.945028 0.675674
4.02124  -0.755267 0.898016
4.27257  -0.513858 1.06799
4.52389  -0.235042 1.17379
4.77522  0.0642832 1.2074
5.02655  0.365582 1.16525
5.27788  0.649818 1.04848
5.5292  0.898652 0.86297
5.78053  1.09562 0.619079
6.03186  1.22719 0.33107
6.28319  1.28373 0.0162857
6.53451  1.26013 -0.305885
6.78584  1.15628 -0.615194
7.03717  0.977125 -0.891799
7.28849  0.732491 -1.11753
7.53982  0.436544 -1.27706
7.79115  0.106983 -1.35896
8.04248  -0.236004 -1.35648
8.2938  -0.570974 -1.26807
8.54513  -0.876558 -1.09759
8.79646  -1.13282 -0.854182
9.04779  -1.32253 -0.551778
9.29911  -1.43234 -0.208335
9.55044  -1.45368 0.155231
9.80177  -1.38343 0.51631
10.0531  -1.22416 0.85199
10.3044  -0.984182 1.14051
10.5558  -0.677047 1.36264
10.8071  -0.320846 1.50299
11.0584  0.0628588 1.55102
11.3097  0.450331 1.50182
11.5611  0.817114 1.35655
11.8124  1.13957 1.12245
12.0637  1.39639 0.812572
12.315  1.56999 0.444989
12.5664  1.64769 0.0418128
