0  1 0
0.125664  0.993675 -0.125505
0.251327  0.971639 -0.249422
0.376991  0.93419 -0.369789
0.502655  0.881872 -0.484696
0.628319  0.815462 -0.592309
0.753982  0.735967 -0.690907
0.879646  0.6446 -0.778905
1.00531  0.542767 -0.854879
1.13097  0.432043 -0.917592
1.25664  0.314149 -0.966012
1.3823  0.190923 -0.999329
1.50796  0.064295 -1.01697
1.63363  -0.0637461 -1.01861
1.75929  -0.191183 -1.00416
1.88496  -0.316001 -0.973819
2.01062  -0.436221 -0.928001
2.13628  -0.549931 -0.867384
2.26195  -0.655313 -0.792879
2.38761  -0.750678 -0.705619
2.51327  -0.834489 -0.606943
2.63894  -0.905385 -0.498372
2.7646  -0.962207 -0.38159
2.89027  -1.00401 -0.258415
3.01593  -1.03009 -0.130772
3.14159  -1.03999 -0.000663452
3.26726  -1.0335 0.129865
3.39292  -1.01066 0.258752
3.51858  -0.971796 0.383958
3.64425  -0.917461 0.503495
3.76991  -0.848468 0.615456
3.89557  -0.765859 0.71805
4.02124  -0.670896 0.809627
4.1469  -0.565041 0.888707
4.27257  -0.449931 0.954002
4.39823  -0.327353 1.00444
4.52389  -0.199221 1.03917
4.64956  -0.067541 1.0576
4.77522  0.0656197 1.05939
4.90088  0.198163 1.04445
5.02655  0.327993 1.01297
5.15221  0.453051 0.965403
5.27788  0.571348 0.902437
5.40354  0.680995 0.825023
5.5292  0.780232 0.734337
5.65487  0.86746 0.631769
5.78053  0.941263 0.518904
5.90619  1.00043 0.397489
6.03186  1.04399 0.269416
6.15752  1.0712 0.136686
6.28319  1.08158 0.00137997
6.40885  1.07492 -0.134372
6.53451  1.05125 -0.26843
6.66018  1.01092 -0.398669
6.78584  0.954487 -0.523022
6.9115  0.882808 -0.639507
7.03717  0.796964 -0.746258
7.16283  0.698264 -0.841561
7.28849  0.588228 -0.923874
7.41416  0.468557 -0.991856
7.53982  0.341111 -1.04439
7.66549  0.207878 -1.08059
7.79115  0.0709438 -1.09985
7.91681  -0.0675411 -1.1018
8.04248  -0.205395 -1.08635
8.16814  -0.340438 -1.0537
8.2938  -0.470529 -1.00431
8.41947  -0.593599 -0.938907
8.54513  -0.707682 -0.858469
8.6708  -0.810948 -0.764222
8.79646  -0.901732 -0.657611
8.92212  -0.978562 -0.54028
9.04779  -1.04018 -0.414049
9.17345  -1.08557 -0.280883
9.29911  -1.11395 -0.142863
9.42478  -1.12484 -0.00215274
9.55044  -1.11799 0.139033
9.67611  -1.09347 0.278467
9.80177  -1.05161 0.413942
9.92743  -0.993006 0.543306
10.0531  -0.918538 0.664496
10.1788  -0.829331 0.775574
10.3044  -0.726748 0.874754
10.4301  -0.612366 0.960431
10.5558  -0.487954 1.03121
10.6814  -0.355446 1.08593
10.8071  -0.216909 1.12367
10.9327  -0.0745107 1.14379
11.0584  0.0695112 1.14591
11.1841  0.212888 1.12993
11.3097  0.353354 1.09607
11.4354  0.48868 1.04479
11.5611  0.616716 0.97685
11.6867  0.735414 0.893271
11.8124  0.842872 0.795323
11.9381  0.937358 0.684509
12.0637  1.01734 0.562536
12.1894  1.08151 0.431298
12.315  1.12879 0.292836
12.4407  1.15841 0.149315
12.5664  1.16982 0.00298511
