0  1 0
0.251327  0.982987 -0.251327
0.502655  0.903098 -0.494103
0.753982  0.763552 -0.712671
1.00531  0.571449 -0.892448
1.25664  0.33743 -1.02089
1.50796  0.0751129 -1.08832
1.75929  -0.19969 -1.08868
2.01062  -0.469909 -1.01998
2.26195  -0.718263 -0.884522
2.51327  -0.928348 -0.688955
2.7646  -1.08571 -0.443914
3.01593  -1.1788 -0.163494
3.26726  -1.19984 0.135553
3.51858  -1.14536 0.434799
3.76991  -1.0166 0.715262
4.02124  -0.819536 0.958592
4.27257  -0.564673 1.14826
4.52389  -0.266478 1.27064
4.77522  0.0574019 1.31599
5.02655  0.387171 1.27918
5.27788  0.702077 1.16011
5.5292  0.9817 0.963922
5.78053  1.20726 0.700795
6.03186  1.36285 0.385455
6.28319  1.43654 0.0363764
6.53451  1.42124 -0.325284
6.78584  1.31531 -0.676946
7.03717  1.1228 -0.996003
7.28849  0.853371 -1.26125
7.53982  0.521867 -1.45427
7.79115  0.147492 -1.56068
8.04248  -0.24726 -1.5712
8.2938  -0.637939 -1.48233
8.54513  -0.999636 -1.29678
8.79646  -1.30854 -1.02348
9.04779  -1.54351 -0.677194
9.29911  -1.68745 -0.277746
9.55044  -1.72855 0.151081
9.80177  -1.66117 0.582942
10.0531  -1.4864 0.990521
10.3044  -1.21216 1.34724
10.5558  -0.852943 1.62897
10.8071  -0.429027 1.81563
11.0584  0.0345888 1.89256
11.3097  0.509653 1.85167
11.5611  0.966359 1.69208
11.8124  1.37518 1.42042
12.0637  1.70878 1.05063
12.315  1.94376 0.603297
12.5664  2.06232 0.104512
