0  1 0
0.0628319  0.998418 -0.062812
0.125664  0.992894 -0.125425
0.188496  0.983446 -0.187593
0.251327  0.970107 -0.249068
0.314159  0.952928 -0.309608
0.376991  0.931974 -0.368974
0.439823  0.907324 -0.42693
0.502655  0.879073 -0.483245
0.565487  0.847329 -0.537697
0.628319  0.812215 -0.590069
0.69115  0.773867 -0.640153
0.753982  0.732434 -0.687749
0.816814  0.688077 -0.732666
0.879646  0.640968 -0.774727
0.942478  0.591293 -0.813762
1.00531  0.539243 -0.849616
1.06814  0.485024 -0.882143
1.13097  0.428848 -0.911213
1.19381  0.370935 -0.936709
1.25664  0.311512 -0.958526
1.31947  0.250812 -0.976577
1.3823  0.189075 -0.990787
1.44513  0.126542 -1.0011
1.50796  0.0634615 -1.00746
1.5708  8.05472e-05 -1.00985
1.63363  -0.0633505 -1.00826
1.69646  -0.126581 -1.00269
1.75929  -0.189362 -0.993151
1.82212  -0.251444 -0.979686
1.88496  -0.312582 -0.962343
1.94779  -0.372535 -0.941187
2.01062  -0.431063 -0.916299
2.07345  -0.487936 -0.887774
2.13628  -0.542927 -0.855722
2.19911  -0.595818 -0.820266
2.26195  -0.646398 -0.781544
2.32478  -0.694466 -0.739707
2.38761  -0.739831 -0.694916
2.45044  -0.78231 -0.647347
2.51327  -0.821733 -0.597184
2.57611  -0.857944 -0.544625
2.63894  -0.890796 -0.489875
2.70177  -0.920157 -0.433147
2.7646  -0.945909 -0.374665
2.82743  -0.967946 -0.314658
2.89027  -0.98618 -0.253362
2.9531  -1.00053 -0.191018
3.01593  -1.01095 -0.12787
3.07876  -1.01738 -0.064168
3.14159  -1.0198 -0.000162682
3.20442  -1.0182 0.0638935
3.26726  -1.01258 0.127748
3.33009  -1.00295 0.191148
3.39292  -0.98936 0.253843
3.45575  -0.971851 0.315585
3.51858  -0.950492 0.37613
3.58142  -0.925363 0.435237
3.64425  -0.896561 0.492673
3.70708  -0.864198 0.548208
3.76991  -0.828397 0.601623
3.83274  -0.789297 0.652705
3.89557  -0.747051 0.70125
3.95841  -0.701823 0.747065
4.02124  -0.653788 0.789966
4.08407  -0.603135 0.829782
4.1469  -0.550061 0.866354
4.20973  -0.494774 0.899534
4.27257  -0.43749 0.929189
4.3354  -0.378433 0.955199
4.39823  -0.317837 0.977459
4.46106  -0.255938 0.995877
4.52389  -0.19298 1.01038
4.58673  -0.129211 1.0209
4.64956  -0.0648822 1.0274
4.71239  -0.000246427 1.02985
4.77522  0.0644411 1.02824
4.83805  0.128925 1.02257
4.90088  0.19295 1.01285
4.96372  0.256264 0.999129
5.02655  0.318616 0.981453
5.08938  0.379759 0.959888
5.15221  0.439451 0.934516
5.21504  0.497455 0.905435
5.27788  0.553541 0.872757
5.34071  0.607485 0.836608
5.40354  0.659073 0.797127
5.46637  0.7081 0.754469
5.5292  0.754369 0.708799
5.59203  0.797697 0.660294
5.65487  0.83791 0.609145
5.7177  0.874847 0.555551
5.78053  0.908358 0.499721
5.84336  0.93831 0.441875
5.90619  0.964581 0.382239
5.96903  0.987065 0.321048
6.03186  1.00567 0.25854
6.09469  1.02032 0.194963
6.15752  1.03095 0.130567
6.22035  1.03752 0.0656043
6.28319  1.04 0.000331807
6.34602  1.03838 -0.0649932
6.40885  1.03265 -0.130113
6.47168  1.02285 -0.19477
6.53451  1.009 -0.258709
6.59734  0.991149 -0.321677
6.66018  0.969377 -0.383424
6.72301  0.94376 -0.443706
6.78584  0.914397 -0.502284
6.84867  0.881402 -0.558925
6.9115  0.844901 -0.613403
6.97434  0.805035 -0.665503
7.03717  0.76196 -0.715016
7.1  0.715844 -0.761746
7.16283  0.666865 -0.805505
7.22566  0.615215 -0.846118
7.28849  0.561096 -0.883422
7.35133  0.504719 -0.917269
7.41416  0.446305 -0.94752
7.47699  0.386084 -0.974055
7.53982  0.324291 -0.996765
7.60265  0.261169 -1.01556
7.66549  0.196967 -1.03036
7.72832  0.131936 -1.0411
7.79115  0.0663343 -1.04774
7.85398  0.000418846 -1.05025
7.91681  -0.06555 -1.04861
7.97965  -0.131312 -1.04284
8.04248  -0.196607 -1.03294
8.10531  -0.261177 -1.01896
8.16814  -0.324767 -1.00094
8.23097  -0.387124 -0.97896
8.2938  -0.448002 -0.953095
8.35664  -0.50716 -0.923448
8.41947  -0.564361 -0.890132
8.4823  -0.61938 -0.853275
8.54513  -0.671996 -0.813021
8.60796  -0.722001 -0.769526
8.6708  -0.769194 -0.722959
8.73363  -0.813388 -0.673501
8.79646  -0.854406 -0.621345
8.85929  -0.892082 -0.566696
8.92212  -0.926267 -0.509766
8.98495  -0.956821 -0.450779
9.04779  -0.983622 -0.389966
9.11062  -1.00656 -0.327566
9.17345  -1.02554 -0.263824
9.23628  -1.04049 -0.198991
9.29911  -1.05135 -0.13332
9.36195  -1.05806 -0.0670724
9.42478  -1.0606 -0.000507568
9.48761  -1.05895 0.0661115
9.55044  -1.05313 0.132522
9.61327  -1.04314 0.198461
9.67611  -1.02902 0.263669
9.73894  -1.01083 0.327886
9.80177  -0.988637 0.39086
9.8646  -0.962523 0.45234
9.92743  -0.932588 0.512083
9.99026  -0.898948 0.569851
10.0531  -0.861733 0.625414
10.1159  -0.821087 0.678552
10.1788  -0.777167 0.729053
10.2416  -0.730145 0.776715
10.3044  -0.680203 0.821349
10.3673  -0.627537 0.862775
10.4301  -0.572352 0.900827
10.4929  -0.514864 0.935353
10.5558  -0.455298 0.966213
10.6186  -0.393888 0.993283
10.6814  -0.330875 1.01645
10.7442  -0.266507 1.03563
10.8071  -0.201035 1.05073
10.8699  -0.134719 1.0617
10.9327  -0.0678185 1.06848
10.9956  -0.000597997 1.07105
11.0584  0.0666776 1.06939
11.1212  0.133743 1.06351
11.1841  0.200333 1.05343
11.2469  0.266184 1.03918
11.3097  0.331036 1.02082
11.3726  0.394632 0.99841
11.4354  0.45672 0.972044
11.4982  0.517053 0.941819
11.5611  0.575393 0.907852
11.6239  0.631507 0.870275
11.6867  0.685172 0.829232
11.7496  0.736174 0.784884
11.8124  0.78431 0.737402
11.8752  0.829387 0.686972
11.9381  0.871226 0.63379
12.0009  0.909657 0.578064
12.0637  0.944528 0.520012
12.1265  0.975697 0.459862
12.1894  1.00304 0.397849
12.2522  1.02644 0.334217
12.315  1.04581 0.269216
12.3779  1.06107 0.203101
12.4407  1.07215 0.136132
12.5035  1.079 0.0685728
12.5664  1.0816 0.00069016
