0  1 0
0.0837758  0.997604 -0.0837522
0.167552  0.9882 -0.167103
0.251327  0.971837 -0.249467
0.335103  0.948616 -0.330263
0.418879  0.918683 -0.40892
0.502655  0.882234 -0.484882
0.586431  0.83951 -0.55761
0.670206  0.790798 -0.626585
0.753982  0.736426 -0.691315
0.837758  0.676762 -0.751336
0.921534  0.612215 -0.806216
1.00531  0.543226 -0.855559
1.08909  0.47027 -0.899006
1.17286  0.393849 -0.936239
1.25664  0.314494 -0.966981
1.34041  0.232753 -0.991004
1.42419  0.149197 -1.00812
1.50796  0.0644067 -1.0182
1.59174  -0.0210245 -1.02116
1.67552  -0.106498 -1.01695
1.75929  -0.191415 -1.0056
1.84307  -0.275178 -0.987156
1.92684  -0.357195 -0.961744
2.01062  -0.436888 -0.929524
2.0944  -0.513691 -0.890707
2.17817  -0.587059 -0.84555
2.26195  -0.656469 -0.794357
2.34572  -0.721426 -0.737474
2.4295  -0.781462 -0.675286
2.51327  -0.836147 -0.608219
2.59705  -0.885083 -0.536733
2.68083  -0.927916 -0.461319
2.7646  -0.964329 -0.382499
2.84838  -0.994054 -0.300818
2.93215  -1.01687 -0.216843
3.01593  -1.03259 -0.131158
3.0997  -1.0411 -0.0443624
3.18348  -1.04232 0.0429386
3.26726  -1.03623 0.130133
3.35103  -1.02285 0.216608
3.43481  -1.00226 0.301755
3.51858  -0.974584 0.384973
3.60236  -0.940007 0.465674
3.68614  -0.898754 0.543287
3.76991  -0.851099 0.617258
3.85369  -0.797363 0.68706
3.93746  -0.73791 0.752195
4.02124  -0.673145 0.812195
4.10501  -0.603509 0.866627
4.18879  -0.529481 0.915096
4.27257  -0.451571 0.957249
4.35634  -0.370318 0.992776
4.44012  -0.286283 1.02141
4.52389  -0.200052 1.04294
4.60767  -0.112224 1.0572
4.69145  -0.0234124 1.06406
4.77522  0.0657615 1.06348
4.859  0.154672 1.05542
4.94277  0.242696 1.03994
5.02655  0.329212 1.01712
5.11032  0.413609 0.987112
5.1941  0.495291 0.950106
5.27788  0.573678 0.906348
5.36165  0.648212 0.85613
5.44543  0.718362 0.79979
5.5292  0.783625 0.73771
5.61298  0.843533 0.670312
5.69675  0.897652 0.598058
5.78053  0.945591 0.521445
5.86431  0.986997 0.441001
5.94808  1.02157 0.357281
6.03186  1.04904 0.270866
6.11563  1.06922 0.182358
6.19941  1.08193 0.0923716
6.28319  1.08707 0.00153643
6.36696  1.0846 -0.0895119
6.45074  1.0745 -0.180135
6.53451  1.05684 -0.269695
6.61829  1.03172 -0.357562
6.70206  0.999302 -0.443114
6.78584  0.959797 -0.525746
6.86962  0.913465 -0.604872
6.95339  0.860617 -0.679928
7.03717  0.80161 -0.750377
7.12094  0.736844 -0.815716
7.20472  0.66676 -0.875474
7.28849  0.59184 -0.92922
7.37227  0.512598 -0.976562
7.45605  0.429581 -1.01715
7.53982  0.343363 -1.05069
7.6236  0.254542 -1.07694
7.70737  0.163737 -1.09567
7.79115  0.0715791 -1.10676
7.87493  -0.0212861 -1.11011
7.9587  -0.114209 -1.10566
8.04248  -0.206537 -1.09345
8.12625  -0.297621 -1.07353
8.21003  -0.386819 -1.04603
8.2938  -0.4735 -1.01113
8.37758  -0.55705 -0.969052
8.46136  -0.636876 -0.920076
8.54513  -0.712408 -0.864532
8.62891  -0.783108 -0.802795
8.71268  -0.848468 -0.735285
8.79646  -0.908017 -0.662462
8.88024  -0.961325 -0.584827
8.96401  -1.008 -0.502912
9.04779  -1.04771 -0.417285
9.13156  -1.08015 -0.328538
9.21534  -1.10507 -0.237286
9.29911  -1.1223 -0.144165
9.38289  -1.13169 -0.0498246
9.46667  -1.13315 0.0450759
9.55044  -1.12666 0.139872
9.63422  -1.11224 0.233897
9.71799  -1.08999 0.326489
9.80177  -1.06003 0.416996
9.88554  -1.02257 0.504777
9.96932  -0.977844 0.589211
10.0531  -0.926154 0.669696
10.1369  -0.867847 0.745659
10.2206  -0.803317 0.816557
10.3044  -0.733004 0.88188
10.3882  -0.657389 0.941158
10.472  -0.57699 0.993961
10.5558  -0.492361 1.0399
10.6395  -0.404087 1.07865
10.7233  -0.31278 1.10991
10.8071  -0.219073 1.13345
10.8909  -0.12362 1.14908
10.9746  -0.0270858 1.15668
11.0584  0.0698535 1.15618
11.1422  0.166518 1.14756
11.226  0.26223 1.13086
11.3097  0.356314 1.10619
11.3935  0.448106 1.0737
11.4773  0.536957 1.03359
11.5611  0.622236 0.986147
11.6448  0.703338 0.931671
11.7286  0.779682 0.870533
11.8124  0.850724 0.803147
11.8962  0.915951 0.729973
11.9799  0.974893 0.651511
12.0637  1.02712 0.568301
12.1475  1.07226 0.480916
12.2313  1.10997 0.389959
12.315  1.13997 0.296063
12.3988  1.16203 0.199879
12.4826  1.17599 0.102077
12.5664  1.18172 0.00334043
