0  1 0
0.0837758  0.99811 -0.0837758
0.167552  0.989205 -0.167235
0.251327  0.973324 -0.24979
0.335103  0.950558 -0.330859
0.418879  0.921043 -0.409867
0.502655  0.884965 -0.486254
0.586431  0.842556 -0.559473
0.670206  0.794093 -0.629001
0.753982  0.739897 -0.694338
0.837758  0.68033 -0.755011
0.921534  0.615792 -0.810579
1.00531  0.546721 -0.860635
1.08909  0.473587 -0.90481
1.17286  0.396891 -0.942775
1.25664  0.317159 -0.974243
1.34041  0.234941 -0.998971
1.42419  0.150807 -1.01677
1.50796  0.0653418 -1.02748
1.59174  -0.0208594 -1.03101
1.67552  -0.107194 -1.02731
1.75929  -0.193055 -1.01639
1.84307  -0.277839 -0.998296
1.92684  -0.360947 -0.973133
2.01062  -0.441789 -0.941055
2.0944  -0.519792 -0.902264
2.17817  -0.594397 -0.857013
2.26195  -0.665071 -0.805597
2.34572  -0.731303 -0.748357
2.4295  -0.792615 -0.685677
2.51327  -0.84856 -0.617979
2.59705  -0.898727 -0.545722
2.68083  -0.942747 -0.469399
2.7646  -0.980289 -0.389532
2.84838  -1.01107 -0.306671
2.93215  -1.03485 -0.221388
3.01593  -1.05144 -0.134275
3.0997  -1.0607 -0.0459355
3.18348  -1.06255 0.0430125
3.26726  -1.05693 0.131947
3.35103  -1.04388 0.220243
3.43481  -1.02346 0.307278
3.51858  -0.99578 0.392438
3.60236  -0.961021 0.475119
3.68614  -0.9194 0.554731
3.76991  -0.871189 0.630706
3.85369  -0.816705 0.702498
3.93746  -0.756309 0.76959
4.02124  -0.690406 0.831496
4.10501  -0.619441 0.887764
4.18879  -0.543897 0.93798
4.27257  -0.464289 0.981772
4.35634  -0.381163 1.01881
4.44012  -0.295091 1.04882
4.52389  -0.206667 1.07156
4.60767  -0.116506 1.08685
4.69145  -0.0252343 1.09455
4.77522  0.0665104 1.0946
4.859  0.158085 1.08696
4.94277  0.248847 1.07166
5.02655  0.338156 1.04878
5.11032  0.425379 1.01847
5.1941  0.509898 0.98091
5.27788  0.591111 0.936339
5.36165  0.668436 0.885048
5.44543  0.741318 0.827376
5.5292  0.809231 0.763708
5.61298  0.871682 0.69447
5.69675  0.928214 0.620132
5.78053  0.978411 0.541198
5.86431  1.0219 0.458207
5.94808  1.05836 0.371731
6.03186  1.0875 0.282363
6.11563  1.1091 0.190724
6.19941  1.12298 0.0974477
6.28319  1.12902 0.00318506
6.36696  1.12715 -0.0914055
6.45074  1.11736 -0.185661
6.53451  1.0997 -0.278918
6.61829  1.07425 -0.370519
6.70206  1.04118 -0.459815
6.78584  1.00069 -0.546171
6.86962  0.953044 -0.628972
6.95339  0.89855 -0.707626
7.03717  0.837569 -0.781565
7.12094  0.77051 -0.850255
7.20472  0.697823 -0.913198
7.28849  0.62 -0.969932
7.37227  0.537571 -1.02004
7.45605  0.4511 -1.06315
7.53982  0.361181 -1.09893
7.6236  0.268435 -1.12711
7.70737  0.173503 -1.14747
7.79115  0.0770448 -1.15983
7.87493  -0.0202669 -1.1641
7.9587  -0.117752 -1.1602
8.04248  -0.214725 -1.14814
8.12625  -0.310506 -1.12798
8.21003  -0.404416 -1.09984
8.2938  -0.495791 -1.06388
8.37758  -0.583981 -1.02033
8.46136  -0.668356 -0.969477
8.54513  -0.748312 -0.911652
8.62891  -0.823272 -0.847239
8.71268  -0.892693 -0.776667
8.79646  -0.956072 -0.700413
8.88024  -1.01294 -0.618993
8.96401  -1.06288 -0.532963
9.04779  -1.10552 -0.442911
9.13156  -1.14054 -0.349458
9.21534  -1.16766 -0.253248
9.29911  -1.18667 -0.154947
9.38289  -1.19741 -0.0552404
9.46667  -1.19977 0.0451777
9.55044  -1.19372 0.145604
9.63422  -1.17926 0.245333
9.71799  -1.15648 0.343663
9.80177  -1.1255 0.439899
9.88554  -1.08652 0.533357
9.96932  -1.03979 0.623374
10.0531  -0.985598 0.709304
10.1369  -0.924313 0.790533
10.2206  -0.856338 0.866474
10.3044  -0.78213 0.936576
10.3882  -0.702189 1.00033
10.472  -0.617058 1.05726
10.5558  -0.527319 1.10696
10.6395  -0.433585 1.14904
10.7233  -0.336503 1.1832
10.8071  -0.236744 1.20915
10.8909  -0.134999 1.2267
10.9746  -0.0319762 1.23569
11.0584  0.0716051 1.23603
11.1422  0.175019 1.2277
11.226  0.27754 1.21071
11.3097  0.378444 1.18517
11.3935  0.477017 1.15123
11.4773  0.572561 1.10909
11.5611  0.664393 1.05903
11.6448  0.751858 1.00137
11.7286  0.834327 0.936485
11.8124  0.911205 0.864818
11.8962  0.981933 0.786847
11.9799  1.046 0.703097
12.0637  1.10292 0.614139
12.1475  1.15229 0.52058
12.2313  1.19372 0.423062
12.315  1.22691 0.322257
12.3988  1.25158 0.218863
12.4826  1.26755 0.113597
12.5664  1.27467 0.00719199
