0  1 0
0.251327  0.974725 -0.250055
0.502655  0.887561 -0.48747
0.753982  0.743234 -0.697088
1.00531  0.550139 -0.865319
1.25664  0.319857 -0.981013
1.50796  0.0664653 -1.0362
1.75929  -0.194321 -1.02663
2.01062  -0.446124 -0.952091
2.26195  -0.672923 -0.816471
2.51327  -0.860078 -0.627567
2.7646  -0.995266 -0.396639
3.01593  -1.06929 -0.137743
3.26726  -1.07671 0.133121
3.51858  -1.01621 0.398992
3.76991  -0.890753 0.643016
4.02124  -0.70745 0.849501
4.27257  -0.477147 1.00493
4.52389  -0.213799 1.09884
4.77522  0.0663758 1.12453
5.02655  0.345893 1.07951
5.27788  0.607088 0.965736
5.5292  0.833231 0.789522
5.78053  1.0096 0.561213
6.03186  1.12441 0.294574
6.28319  1.16965 0.00596378
6.53451  1.14158 -0.286664
6.78584  1.04105 -0.564877
7.03717  0.873483 -0.810918
7.28849  0.648631 -1.00884
7.53982  0.379972 -1.14554
7.79115  0.0839209 -1.2116
8.04248  -0.221166 -1.20196
8.2938  -0.516132 -1.11628
8.54513  -0.782217 -0.959
8.79646  -1.00225 -0.739164
9.04779  -1.16175 -0.469865
9.29911  -1.24988 -0.167488
9.55044  -1.26017 0.149284
9.80177  -1.19099 0.460622
10.0531  -1.04571 0.746792
10.3044  -0.832537 0.989401
10.5558  -0.56409 1.17257
10.8071  -0.256624 1.28399
11.0584  0.0709302 1.31571
11.3097  0.398137 1.26472
11.5611  0.704323 1.1332
11.8124  0.969882 0.928435
12.0637  1.17753 0.662445
12.315  1.31341 0.351255
12.5664  1.36805 0.0139511
