0  1 0
0.0837758  0.997189 -0.0837287
0.167552  0.987374 -0.166987
0.251327  0.970617 -0.249189
0.335103  0.947024 -0.329756
0.418879  0.916751 -0.408122
0.502655  0.880002 -0.483733
0.586431  0.837026 -0.556055
0.670206  0.788115 -0.624574
0.753982  0.733604 -0.688806
0.837758  0.673869 -0.748293
0.921534  0.609321 -0.802612
1.00531  0.540406 -0.851373
1.08909  0.467602 -0.894227
1.17286  0.391415 -0.930864
1.25664  0.312375 -0.96102
1.34041  0.231032 -0.984473
1.42419  0.147954 -1.00105
1.50796  0.0637211 -1.01062
1.59174  -0.0210761 -1.01312
1.67552  -0.105844 -1.0085
1.75929  -0.189987 -0.996806
1.84307  -0.272914 -0.978096
1.92684  -0.354041 -0.952495
2.01062  -0.432797 -0.920174
2.0944  -0.508625 -0.88135
2.17817  -0.58099 -0.836285
2.26195  -0.649377 -0.785289
2.34572  -0.713303 -0.728709
2.4295  -0.772311 -0.666937
2.51327  -0.825981 -0.600397
2.59705  -0.87393 -0.529551
2.68083  -0.915811 -0.454889
2.7646  -0.951324 -0.37693
2.84838  -0.980209 -0.296218
2.93215  -1.00225 -0.213313
3.01593  -1.0173 -0.128796
3.0997  -1.02522 -0.0432569
3.18348  -1.02596 0.0427052
3.26726  -1.0195 0.128487
3.35103  -1.00588 0.213488
3.43481  -0.985173 0.297108
3.51858  -0.957527 0.37876
3.60236  -0.923122 0.457868
3.68614  -0.88219 0.533872
3.76991  -0.835009 0.606236
3.85369  -0.781902 0.674446
3.93746  -0.723234 0.738017
4.02124  -0.659407 0.796497
4.10501  -0.590864 0.849469
4.18879  -0.518077 0.896553
4.27257  -0.441554 0.937411
4.35634  -0.361824 0.971746
4.44012  -0.279444 0.999309
4.52389  -0.194987 1.0199
4.60767  -0.109045 1.03336
4.69145  -0.0222165 1.03958
4.77522  0.0648886 1.03852
4.859  0.15166 1.03016
4.94277  0.237488 1.01457
5.02655  0.321769 0.991833
5.11032  0.403909 0.962104
5.1941  0.483329 0.92558
5.27788  0.559468 0.882509
5.36165  0.631786 0.833185
5.44543  0.699771 0.777944
5.5292  0.76294 0.717165
5.61298  0.820843 0.651269
5.69675  0.873065 0.58071
5.78053  0.919232 0.505977
5.86431  0.959012 0.427588
5.94808  0.992118 0.346089
6.03186  1.01831 0.262048
6.11563  1.03738 0.176049
6.19941  1.04921 0.0886957
6.28319  1.05368 0.000597604
6.36696  1.05077 -0.0876277
6.45074  1.04048 -0.175361
6.53451  1.02287 -0.261986
6.61829  0.998061 -0.346893
6.70206  0.96621 -0.429484
6.78584  0.927534 -0.509176
6.86962  0.882293 -0.585406
6.95339  0.830797 -0.657633
7.03717  0.773399 -0.725346
7.12094  0.710492 -0.788062
7.20472  0.642511 -0.845335
7.28849  0.569926 -0.896755
7.37227  0.49324 -0.941953
7.45605  0.412984 -0.980603
7.53982  0.329719 -1.01242
7.6236  0.244023 -1.03719
7.70737  0.156495 -1.0547
7.79115  0.0677459 -1.06484
7.87493  -0.0216022 -1.06752
7.9587  -0.110923 -1.06271
8.04248  -0.19959 -1.05043
8.12625  -0.286981 -1.03077
8.21003  -0.372479 -1.00384
8.2938  -0.455482 -0.969832
8.37758  -0.535404 -0.928968
8.46136  -0.61168 -0.881528
8.54513  -0.683769 -0.827834
8.62891  -0.75116 -0.768256
8.71268  -0.813373 -0.703202
8.79646  -0.869965 -0.633122
8.88024  -0.920529 -0.558501
8.96401  -0.964704 -0.479857
9.04779  -1.00217 -0.397734
9.13156  -1.03265 -0.312706
9.21534  -1.05593 -0.225364
9.29911  -1.07183 -0.136318
9.38289  -1.08023 -0.0461918
9.46667  -1.08106 0.0443846
9.55044  -1.07431 0.134776
9.63422  -1.06 0.224347
9.71799  -1.03824 0.312469
9.80177  -1.00916 0.398521
9.88554  -0.972953 0.481896
9.96932  -0.929869 0.562005
10.0531  -0.880198 0.638282
10.1369  -0.824281 0.710185
10.2206  -0.762501 0.777205
10.3044  -0.695283 0.838863
10.3882  -0.623091 0.894719
10.472  -0.546426 0.944375
10.5558  -0.465818 0.987471
10.6395  -0.381829 1.0237
10.7233  -0.295043 1.05279
10.8071  -0.206065 1.07453
10.8909  -0.115516 1.08877
10.9746  -0.0240305 1.09538
11.0584  0.0677515 1.09431
11.1422  0.159186 1.08556
11.226  0.249631 1.06918
11.3097  0.33845 1.04527
11.3935  0.425018 1.01399
11.4773  0.508723 0.975558
11.5611  0.588975 0.93022
11.6448  0.665205 0.878291
11.7286  0.736873 0.820125
11.8124  0.803469 0.756122
11.8962  0.86452 0.686723
11.9799  0.919587 0.612407
12.0637  0.968278 0.533689
12.1475  1.01024 0.451116
12.2313  1.04517 0.365262
12.315  1.07282 0.276724
12.3988  1.09297 0.18612
12.4826  1.10548 0.0940843
12.5664  1.11025 0.00125937
