0  1 0
0.0628319  0.998652 -0.0628219
0.125664  0.99336 -0.125475
0.188496  0.984139 -0.18771
0.251327  0.97102 -0.249283
0.314159  0.954051 -0.309948
0.376991  0.933294 -0.369466
0.439823  0.908826 -0.427599
0.502655  0.880739 -0.484117
0.565487  0.849139 -0.538795
0.628319  0.814146 -0.591413
0.69115  0.775896 -0.641762
0.753982  0.734533 -0.689641
0.816814  0.690219 -0.734856
0.879646  0.643124 -0.777227
0.942478  0.59343 -0.816582
1.00531  0.541331 -0.852762
1.06814  0.48703 -0.88562
1.13097  0.430737 -0.915023
1.19381  0.372673 -0.940849
1.25664  0.313065 -0.962994
1.31947  0.252146 -0.981363
1.3823  0.190155 -0.995881
1.44513  0.127336 -1.00648
1.50796  0.0639347 -1.01313
1.5708  0.000201921 -1.01578
1.63363  -0.0636116 -1.01442
1.69646  -0.127254 -1.00906
1.75929  -0.190473 -0.999706
1.82212  -0.25302 -0.986393
1.88496  -0.314646 -0.969168
1.94779  -0.375107 -0.948096
2.01062  -0.434163 -0.923253
2.07345  -0.491579 -0.894734
2.13628  -0.547125 -0.862646
2.19911  -0.600581 -0.827113
2.26195  -0.651732 -0.788268
2.32478  -0.700375 -0.746263
2.38761  -0.746312 -0.701258
2.45044  -0.789361 -0.653429
2.51327  -0.829347 -0.602959
2.57611  -0.866108 -0.550045
2.63894  -0.899496 -0.494894
2.70177  -0.929374 -0.437719
2.7646  -0.95562 -0.378744
2.82743  -0.978126 -0.318199
2.89027  -0.996798 -0.256323
2.9531  -1.01156 -0.193357
3.01593  -1.02234 -0.129548
3.07876  -1.0291 -0.0651481
3.14159  -1.03181 -0.000410215
3.20442  -1.03044 0.0644105
3.26726  -1.02501 0.129058
3.33009  -1.01552 0.193277
3.39292  -1.00201 0.256814
3.45575  -0.984525 0.319416
3.51858  -0.963132 0.380835
3.58142  -0.937909 0.440827
3.64425  -0.908952 0.499155
3.70708  -0.876369 0.555584
3.76991  -0.840285 0.609891
3.83274  -0.800838 0.661857
3.89557  -0.75818 0.711275
3.95841  -0.712475 0.757947
4.02124  -0.663899 0.801685
4.08407  -0.612641 0.842312
4.1469  -0.5589 0.879664
4.20973  -0.502884 0.91359
4.27257  -0.444813 0.943951
4.3354  -0.384913 0.970623
4.39823  -0.323418 0.993496
4.46106  -0.260569 1.01247
4.52389  -0.196612 1.02748
4.58673  -0.131799 1.03845
4.64956  -0.0663839 1.04533
4.71239  -0.000625032 1.04809
4.77522  0.0652188 1.04672
4.83805  0.130888 1.04121
4.90088  0.196122 1.03158
4.96372  0.260664 1.01787
5.02655  0.324257 1.00012
5.08938  0.38665 0.978406
5.15221  0.447594 0.952798
5.21504  0.506847 0.923395
5.27788  0.564174 0.89031
5.34071  0.619345 0.853667
5.40354  0.672139 0.813609
5.46637  0.722346 0.770287
5.5292  0.769763 0.72387
5.59203  0.814201 0.674537
5.65487  0.855479 0.622478
5.7177  0.893432 0.567896
5.78053  0.927904 0.511004
5.84336  0.958756 0.452023
5.90619  0.985861 0.391183
5.96903  1.00911 0.328722
6.03186  1.0284 0.264885
6.09469  1.04365 0.199922
6.15752  1.05481 0.134088
6.22035  1.06181 0.0676425
6.28319  1.06463 0.000846526
6.34602  1.06325 -0.0660365
6.40885  1.05766 -0.132743
6.47168  1.0479 -0.199008
6.53451  1.03399 -0.264571
6.59734  1.01597 -0.329172
6.66018  0.993923 -0.392553
6.72301  0.967923 -0.454464
6.78584  0.938068 -0.514659
6.84867  0.904472 -0.572896
6.9115  0.867263 -0.628945
6.97434  0.826583 -0.682581
7.03717  0.782588 -0.733588
7.1  0.735448 -0.781764
7.16283  0.685345 -0.826912
7.22566  0.632473 -0.868853
7.28849  0.577038 -0.907415
7.35133  0.519255 -0.942443
7.41416  0.459349 -0.973793
7.47699  0.397554 -1.00134
7.53982  0.334113 -1.02496
7.60265  0.269272 -1.04457
7.66549  0.203287 -1.06008
7.72832  0.136417 -1.07142
7.79115  0.0689243 -1.07855
7.85398  0.00107485 -1.08143
7.91681  -0.0668638 -1.08004
7.97965  -0.134624 -1.07438
8.04248  -0.201937 -1.06448
8.10531  -0.268537 -1.05035
8.16814  -0.334161 -1.03207
8.23097  -0.398547 -1.00969
8.2938  -0.46144 -0.983288
8.35664  -0.52259 -0.952974
8.41947  -0.581754 -0.91886
8.4823  -0.638694 -0.881075
8.54513  -0.693185 -0.839763
8.60796  -0.745006 -0.795085
8.6708  -0.793951 -0.747211
8.73363  -0.839822 -0.696326
8.79646  -0.882435 -0.642629
8.85929  -0.921617 -0.586326
8.92212  -0.957209 -0.527638
8.98495  -0.989066 -0.466794
9.04779  -1.01706 -0.40403
9.11062  -1.04107 -0.339592
9.17345  -1.061 -0.273732
9.23628  -1.07677 -0.206709
9.29911  -1.0883 -0.138786
9.36195  -1.09555 -0.0702296
9.42478  -1.09849 -0.00131018
9.48761  -1.09709 0.0677008
9.55044  -1.09136 0.136531
9.61327  -1.08131 0.204908
9.67611  -1.06698 0.272562
9.73894  -1.04842 0.339225
9.80177  -1.0257 0.404632
9.8646  -0.998897 0.468523
9.92743  -0.968117 0.530644
9.99026  -0.933476 0.590748
10.0531  -0.895107 0.648595
10.1159  -0.853154 0.703953
10.1788  -0.807781 0.756601
10.2416  -0.759161 0.806328
10.3044  -0.707483 0.852933
10.3673  -0.652947 0.896229
10.4301  -0.595764 0.936041
10.4929  -0.536158 0.972207
10.5558  -0.474359 1.00458
10.6186  -0.41061 1.03303
10.6814  -0.34516 1.05743
10.7442  -0.278266 1.07769
10.8071  -0.210188 1.09372
10.8699  -0.141196 1.10545
10.9327  -0.071559 1.11283
10.9956  -0.00155266 1.11582
11.0584  0.0685476 1.11442
11.1212  0.138465 1.10861
11.1841  0.207923 1.09842
11.2469  0.276648 1.08387
11.3097  0.344366 1.06503
11.3726  0.41081 1.04197
11.4354  0.475714 1.01475
11.4982  0.538822 0.983501
11.5611  0.599881 0.948325
11.6239  0.658648 0.909362
11.6867  0.714889 0.866759
11.7496  0.768377 0.82068
11.8124  0.818898 0.771303
11.8752  0.866249 0.718819
11.9381  0.91024 0.663431
12.0009  0.950691 0.605354
12.0637  0.987439 0.544814
12.1265  1.02033 0.482047
12.1894  1.04924 0.417298
12.2522  1.07404 0.35082
12.315  1.09464 0.282874
12.3779  1.11093 0.213726
12.4407  1.12286 0.143647
12.5035  1.13037 0.0729129
12.5664  1.13343 0.00180247
