0  1 0
0.0837758  0.993031 -0.0831919
0.167552  0.979189 -0.165224
0.251327  0.958619 -0.245533
0.335103  0.931512 -0.323571
0.418879  0.898101 -0.398811
0.502655  0.858664 -0.470746
0.586431  0.813517 -0.538899
0.670206  0.763015 -0.602821
0.753982  0.707548 -0.662096
0.837758  0.647535 -0.716344
0.921534  0.583428 -0.765221
1.00531  0.515702 -0.808425
1.08909  0.444853 -0.845693
1.17286  0.371398 -0.876807
1.25664  0.295866 -0.901593
1.34041  0.218799 -0.919923
1.42419  0.140744 -0.931714
1.50796  0.0622519 -0.936929
1.59174  -0.016127 -0.935578
1.67552  -0.0938472 -0.927716
1.75929  -0.170372 -0.913443
1.84307  -0.245175 -0.892904
1.92684  -0.317749 -0.866284
2.01062  -0.387602 -0.833812
2.0944  -0.454267 -0.795756
2.17817  -0.517302 -0.752418
2.26195  -0.576292 -0.704139
2.34572  -0.630854 -0.651289
2.4295  -0.680639 -0.594268
2.51327  -0.725334 -0.533502
2.59705  -0.764661 -0.469442
2.68083  -0.798386 -0.402557
2.7646  -0.826311 -0.333332
2.84838  -0.848283 -0.262266
2.93215  -0.864189 -0.189868
3.01593  -0.873962 -0.116651
3.0997  -0.877575 -0.0431316
3.18348  -0.875047 0.0301761
3.26726  -0.866438 0.102763
3.35103  -0.85185 0.174127
3.43481  -0.831427 0.243781
3.51858  -0.805352 0.31125
3.60236  -0.773846 0.376079
3.68614  -0.737166 0.437836
3.76991  -0.695604 0.496111
3.85369  -0.649483 0.550522
3.93746  -0.599158 0.600716
4.02124  -0.545007 0.646375
4.10501  -0.487436 0.68721
4.18879  -0.426868 0.722971
4.27257  -0.363748 0.753445
4.35634  -0.298532 0.778454
4.44012  -0.23169 0.797864
4.52389  -0.1637 0.811579
4.60767  -0.095042 0.819541
4.69145  -0.0262004 0.821736
4.77522  0.042344 0.818188
4.859  0.110116 0.808963
4.94277  0.176647 0.794165
5.02655  0.241484 0.773934
5.11032  0.304186 0.748451
5.1941  0.364331 0.717928
5.27788  0.421518 0.682615
5.36165  0.475368 0.642791
5.44543  0.52553 0.598764
5.5292  0.57168 0.550871
5.61298  0.613524 0.499473
5.69675  0.6508 0.444952
5.78053  0.683281 0.387709
5.86431  0.710773 0.328164
5.94808  0.73312 0.266746
6.03186  0.750201 0.203897
6.11563  0.761935 0.140066
6.19941  0.768277 0.0757025
6.28319  0.769221 0.0112604
6.36696  0.764796 -0.052811
6.45074  0.755073 -0.116068
6.53451  0.740154 -0.178075
6.61829  0.720182 -0.238409
6.70206  0.695329 -0.29666
6.78584  0.665803 -0.352439
6.86962  0.631842 -0.405372
6.95339  0.593715 -0.455111
7.03717  0.551716 -0.501331
7.12094  0.506164 -0.543735
7.20472  0.457402 -0.582055
7.28849  0.405792 -0.61605
7.37227  0.351713 -0.645515
7.45605  0.29556 -0.670276
7.53982  0.237739 -0.690193
7.6236  0.178663 -0.70516
7.70737  0.118755 -0.715109
7.79115  0.0584356 -0.720005
7.87493  -0.00187021 -0.719848
7.9587  -0.0617427 -0.714675
8.04248  -0.120768 -0.704558
8.12625  -0.178539 -0.689601
8.21003  -0.234664 -0.669941
8.2938  -0.288763 -0.64575
8.37758  -0.340471 -0.617227
8.46136  -0.389447 -0.584601
8.54513  -0.435366 -0.548128
8.62891  -0.477932 -0.508088
8.71268  -0.51687 -0.464787
8.79646  -0.551934 -0.418548
8.88024  -0.582907 -0.369715
8.96401  -0.609602 -0.318645
9.04779  -0.631862 -0.26571
9.13156  -0.649563 -0.211293
9.21534  -0.662614 -0.155782
9.29911  -0.670956 -0.0995717
9.38289  -0.674563 -0.0430596
9.46667  -0.673444 0.0133587
9.55044  -0.667639 0.0692907
9.63422  -0.657222 0.12435
9.71799  -0.642296 0.178159
9.80177  -0.622998 0.230351
9.88554  -0.599493 0.280574
9.96932  -0.571973 0.328492
10.0531  -0.540659 0.373786
10.1369  -0.505795 0.416159
10.2206  -0.467649 0.455337
10.3044  -0.426509 0.491068
10.3882  -0.382684 0.523128
10.472  -0.336497 0.551318
10.5558  -0.288286 0.575469
10.6395  -0.238403 0.595442
10.7233  -0.187205 0.611125
10.8071  -0.13506 0.62244
10.8909  -0.0823366 0.629338
10.9746  -0.029407 0.631801
11.0584  0.0233587 0.629844
11.1422  0.0755939 0.623511
11.226  0.126938 0.612877
11.3097  0.17704 0.598045
11.3935  0.225559 0.579149
11.4773  0.272167 0.556348
11.5611  0.316554 0.529828
11.6448  0.358425 0.499801
11.7286  0.397506 0.4665
11.8124  0.433545 0.430179
11.8962  0.466311 0.391113
11.9799  0.495598 0.349594
12.0637  0.521228 0.305928
12.1475  0.543046 0.260434
12.2313  0.560927 0.213442
12.315  0.574774 0.16529
12.3988  0.584519 0.116321
12.4826  0.590122 0.0668831
12.5664  0.591574 0.0173235
