0  1 0
0.0628319  0.998937 -0.0628319
0.125664  0.993927 -0.12553
0.188496  0.984983 -0.187847
0.251327  0.972132 -0.249535
0.314159  0.95542 -0.310351
0.376991  0.934904 -0.370052
0.439823  0.910659 -0.4284
0.502655  0.882774 -0.485163
0.565487  0.851351 -0.540113
0.628319  0.81651 -0.593031
0.69115  0.77838 -0.643703
0.753982  0.737108 -0.691926
0.816814  0.692849 -0.737504
0.879646  0.645773 -0.780253
0.942478  0.596062 -0.819998
1.00531  0.543906 -0.856578
1.06814  0.489507 -0.889842
1.13097  0.433076 -0.919652
1.19381  0.374833 -0.945885
1.25664  0.315002 -0.968431
1.31947  0.253819 -0.987194
1.3823  0.191522 -1.00209
1.44513  0.128355 -1.01306
1.50796  0.064566 -1.02005
1.5708  0.000405909 -1.02302
1.63363  -0.0638727 -1.02196
1.69646  -0.128016 -1.01686
1.75929  -0.191771 -1.00773
1.82212  -0.254885 -0.994612
1.88496  -0.317107 -0.97754
1.94779  -0.378191 -0.956576
2.01062  -0.437892 -0.931796
2.07345  -0.495973 -0.903292
2.13628  -0.552201 -0.871168
2.19911  -0.606351 -0.835546
2.26195  -0.658205 -0.79656
2.32478  -0.707555 -0.754356
2.38761  -0.7542 -0.709097
2.45044  -0.797952 -0.660956
2.51327  -0.838632 -0.610116
2.57611  -0.876075 -0.556774
2.63894  -0.910127 -0.501137
2.70177  -0.940647 -0.443419
2.7646  -0.967507 -0.383845
2.82743  -0.990596 -0.322647
2.89027  -1.00982 -0.260063
2.9531  -1.02508 -0.196337
3.01593  -1.03633 -0.131721
3.07876  -1.0435 -0.0664664
3.14159  -1.04657 -0.000830506
3.20442  -1.04551 0.0649283
3.26726  -1.04032 0.13055
3.33009  -1.03101 0.195777
3.39292  -1.01761 0.260349
3.45575  -1.00017 0.32401
3.51858  -0.978749 0.386508
3.58142  -0.953424 0.447594
3.64425  -0.924287 0.507023
3.70708  -0.891447 0.564559
3.76991  -0.855026 0.61997
3.83274  -0.815163 0.673034
3.89557  -0.772009 0.723536
3.95841  -0.725727 0.771274
4.02124  -0.676494 0.816052
4.08407  -0.624501 0.85769
4.1469  -0.569947 0.896017
4.20973  -0.513042 0.930875
4.27257  -0.454008 0.96212
4.3354  -0.393074 0.989623
4.39823  -0.330476 1.01327
4.46106  -0.266459 1.03296
4.52389  -0.201273 1.0486
4.58673  -0.135174 1.06013
4.64956  -0.06842 1.0675
4.71239  -0.00127444 1.07066
4.77522  0.0659985 1.0696
4.83805  0.133133 1.06432
4.90088  0.199865 1.05482
4.96372  0.265929 1.04114
5.02655  0.331063 1.02333
5.08938  0.395008 1.00144
5.15221  0.457511 0.975553
5.21504  0.51832 0.945769
5.27788  0.577193 0.912197
5.34071  0.633894 0.874961
5.40354  0.688196 0.834201
5.46637  0.739878 0.790074
5.5292  0.788734 0.742746
5.59203  0.834563 0.692398
5.65487  0.87718 0.639225
5.7177  0.916411 0.583431
5.78053  0.952095 0.52523
5.84336  0.984084 0.46485
5.90619  1.01224 0.402524
5.96903  1.03646 0.338495
6.03186  1.05663 0.273012
6.09469  1.07266 0.206332
6.15752  1.08448 0.138716
6.22035  1.09204 0.0704283
6.28319  1.09531 0.00173836
6.34602  1.09425 -0.0670836
6.40885  1.08887 -0.135766
6.47168  1.07918 -0.204038
6.53451  1.06522 -0.271628
6.59734  1.04702 -0.338269
6.66018  1.02465 -0.403695
6.72301  0.998195 -0.467646
6.78584  0.967751 -0.529868
6.84867  0.933429 -0.59011
6.9115  0.895359 -0.648131
6.97434  0.853684 -0.703699
7.03717  0.808561 -0.75659
7.1  0.760164 -0.806588
7.16283  0.708676 -0.853493
7.22566  0.654296 -0.897113
7.28849  0.597233 -0.93727
7.35133  0.537708 -0.973799
7.41416  0.47595 -1.00655
7.47699  0.412201 -1.03538
7.53982  0.346707 -1.06018
7.60265  0.279726 -1.08084
7.66549  0.211517 -1.09726
7.72832  0.142349 -1.10939
7.79115  0.0724928 -1.11715
7.85398  0.00222298 -1.12052
7.91681  -0.0681837 -1.11947
7.97965  -0.138449 -1.11399
8.04248  -0.208296 -1.10411
8.10531  -0.277448 -1.08985
8.16814  -0.34563 -1.07126
8.23097  -0.412572 -1.0484
8.2938  -0.478006 -1.02136
8.35664  -0.541672 -0.990243
8.41947  -0.603315 -0.955156
8.4823  -0.662688 -0.916233
8.54513  -0.719552 -0.873621
8.60796  -0.773678 -0.827481
8.6708  -0.824847 -0.77799
8.73363  -0.872853 -0.725336
8.79646  -0.917499 -0.669722
8.85929  -0.958603 -0.611362
8.92212  -0.995997 -0.550481
8.98495  -1.02953 -0.487315
9.04779  -1.05905 -0.42211
9.11062  -1.08445 -0.355119
9.17345  -1.10561 -0.286604
9.23628  -1.12244 -0.216832
9.29911  -1.13487 -0.146076
9.36195  -1.14284 -0.074615
9.42478  -1.14631 -0.00272898
9.48761  -1.14527 0.0692989
9.55044  -1.13969 0.141184
9.61327  -1.12961 0.212643
9.67611  -1.11505 0.283393
9.73894  -1.09606 0.353152
9.80177  -1.0727 0.421644
9.8646  -1.04507 0.488595
9.92743  -1.01326 0.553739
9.99026  -0.977389 0.616815
10.0531  -0.937594 0.677571
10.1159  -0.894024 0.735761
10.1788  -0.846844 0.791152
10.2416  -0.796234 0.843519
10.3044  -0.742387 0.892651
10.3673  -0.685511 0.938348
10.4301  -0.625824 0.980422
10.4929  -0.563557 1.0187
10.5558  -0.498951 1.05303
10.6186  -0.432257 1.08326
10.6814  -0.363734 1.10927
10.7442  -0.29365 1.13094
10.8071  -0.222279 1.14819
10.8699  -0.1499 1.16093
10.9327  -0.0767966 1.16912
10.9956  -0.0032571 1.1727
11.0584  0.0704292 1.17166
11.1212  0.143972 1.16599
11.1841  0.21708 1.1557
11.2469  0.289464 1.14083
11.3097  0.360836 1.12143
11.3726  0.430914 1.09757
11.4354  0.499418 1.06932
11.4982  0.566075 1.03681
11.5611  0.630618 1.00014
11.6239  0.692788 0.959452
11.6867  0.752335 0.914903
11.7496  0.80902 0.866659
11.8124  0.862614 0.814905
11.8752  0.912899 0.759839
11.9381  0.95967 0.701672
12.0009  1.00274 0.640628
12.0637  1.04192 0.576943
12.1265  1.07707 0.510864
12.1894  1.10802 0.442647
12.2522  1.13465 0.372557
12.315  1.15685 0.300869
12.3779  1.17453 0.227862
12.4407  1.1876 0.153821
12.5035  1.196 0.0790389
12.5664  1.19969 0.00380808
