0  1 0
0.125664  0.995747 -0.125664
0.251327  0.97572 -0.250258
0.376991  0.940122 -0.371807
0.502655  0.889401 -0.488365
0.628319  0.824248 -0.598053
0.753982  0.745589 -0.699087
0.879646  0.654568 -0.789807
1.00531  0.552534 -0.868704
1.13097  0.441019 -0.934442
1.25664  0.321718 -0.985888
1.3823  0.196459 -1.02212
1.50796  0.0671801 -1.04246
1.63363  -0.0641055 -1.04647
1.75929  -0.195336 -1.03397
1.88496  -0.324438 -1.00502
2.01062  -0.449352 -0.959976
2.13628  -0.568075 -0.899426
2.26195  -0.678684 -0.824214
2.38761  -0.779372 -0.735423
2.51327  -0.868473 -0.634356
2.63894  -0.944494 -0.522523
2.7646  -1.00614 -0.401611
2.89027  -1.05233 -0.273468
3.01593  -1.08222 -0.140066
3.14159  -1.09522 -0.00347438
3.26726  -1.09099 0.134169
3.39292  -1.06949 0.270697
3.51858  -1.03093 0.403942
3.64425  -0.975782 0.531774
3.76991  -0.904807 0.652133
3.89557  -0.81901 0.763061
4.02124  -0.719637 0.862735
4.1469  -0.608162 0.949498
4.27257  -0.486258 1.02188
4.39823  -0.355776 1.07864
4.52389  -0.218717 1.11876
4.64956  -0.0771986 1.14149
4.77522  0.0665735 1.14634
4.90088  0.210343 1.13309
5.02655  0.351837 1.10184
5.15221  0.488802 1.05294
5.27788  0.61904 0.987039
5.40354  0.740442 0.90505
5.5292  0.851025 0.808154
5.65487  0.948961 0.697774
5.78053  1.03261 0.575556
5.90619  1.10054 0.443347
6.03186  1.15158 0.303163
6.15752  1.18477 0.157162
6.28319  1.19949 0.00761038
6.40885  1.19534 -0.143154
6.53451  1.17227 -0.292756
6.66018  1.13049 -0.438822
6.78584  1.07054 -0.579017
6.9115  0.993225 -0.711083
7.03717  0.899643 -0.832871
7.16283  0.791155 -0.942381
7.28849  0.669367 -1.03779
7.41416  0.536108 -1.11749
7.53982  0.393399 -1.18011
7.66549  0.243429 -1.22453
7.79115  0.088515 -1.24991
7.91681  -0.0689296 -1.25572
8.04248  -0.226434 -1.24171
8.16814  -0.381509 -1.20798
8.2938  -0.531686 -1.1549
8.41947  -0.674553 -1.08317
8.54513  -0.807799 -0.993798
8.6708  -0.929248 -0.88806
8.79646  -1.03689 -0.76751
8.92212  -1.12893 -0.633946
9.04779  -1.20379 -0.489384
9.17345  -1.26017 -0.33603
9.29911  -1.29704 -0.176243
9.42478  -1.31367 -0.0125025
9.55044  -1.30965 0.152631
9.67611  -1.2849 0.316558
9.80177  -1.23966 0.476677
9.92743  -1.17448 0.630429
10.0531  -1.09027 0.775338
10.1788  -0.988197 0.909047
10.3044  -0.86976 1.02936
10.4301  -0.736707 1.13428
10.5558  -0.591036 1.22203
10.6814  -0.434957 1.29111
10.8071  -0.270862 1.34027
10.9327  -0.101286 1.36861
11.0584  0.0711299 1.37552
11.1841  0.24368 1.36073
11.3097  0.413638 1.32432
11.4354  0.578298 1.26671
11.5611  0.735018 1.18865
11.6867  0.881261 1.09123
11.8124  1.01464 0.975846
11.9381  1.13295 0.844192
12.0637  1.23422 0.69823
12.1894  1.31671 0.540164
12.315  1.37899 0.372403
12.4407  1.41992 0.19753
12.5664  1.43871 0.0182571
