0  1 0
0.0837758  1 -0.0837758
0.167552  0.992982 -0.167552
0.251327  0.978945 -0.250739
0.335103  0.957939 -0.332751
0.418879  0.930062 -0.413003
0.502655  0.895463 -0.49092
0.586431  0.854336 -0.565938
0.670206  0.806924 -0.637511
0.753982  0.753516 -0.705112
0.837758  0.694444 -0.768238
0.921534  0.630085 -0.826416
1.00531  0.560851 -0.879201
1.08909  0.487195 -0.926187
1.17286  0.409603 -0.967002
1.25664  0.328592 -1.00132
1.34041  0.244705 -1.02885
1.42419  0.158513 -1.04935
1.50796  0.0706034 -1.06263
1.59174  -0.0184189 -1.06854
1.67552  -0.107937 -1.067
1.75929  -0.197325 -1.05795
1.84307  -0.285956 -1.04142
1.92684  -0.373202 -1.01747
2.01062  -0.458441 -0.986202
2.0944  -0.541061 -0.947796
2.17817  -0.620464 -0.902468
2.26195  -0.696069 -0.850488
2.34572  -0.767319 -0.792174
2.4295  -0.833684 -0.727891
2.51327  -0.894664 -0.658049
2.59705  -0.949792 -0.583098
2.68083  -0.998642 -0.503528
2.7646  -1.04083 -0.419866
2.84838  -1.076 -0.33267
2.93215  -1.10387 -0.242527
3.01593  -1.12419 -0.15005
3.0997  -1.13676 -0.0558701
3.18348  -1.14144 0.0393627
3.26726  -1.13814 0.134988
3.35103  -1.12683 0.230336
3.43481  -1.10754 0.324738
3.51858  -1.08033 0.417522
3.60236  -1.04535 0.508028
3.68614  -1.00279 0.595603
3.76991  -0.952895 0.679613
3.85369  -0.895959 0.759442
3.93746  -0.832337 0.834502
4.02124  -0.762426 0.904232
4.10501  -0.686673 0.968104
4.18879  -0.605569 1.02563
4.27257  -0.519646 1.07636
4.35634  -0.429473 1.1199
4.44012  -0.335653 1.15588
4.52389  -0.238818 1.184
4.60767  -0.139628 1.204
4.69145  -0.0387617 1.2157
4.77522  0.0630846 1.21895
4.859  0.165203 1.21366
4.94277  0.266879 1.19982
5.02655  0.367395 1.17746
5.11032  0.466038 1.14669
5.1941  0.562102 1.10764
5.27788  0.654896 1.06055
5.36165  0.743745 1.00569
5.44543  0.827997 0.94338
5.5292  0.907029 0.874014
5.61298  0.980251 0.798027
5.69675  1.04711 0.715906
5.78053  1.10708 0.628184
5.86431  1.15971 0.535437
5.94808  1.20456 0.438282
6.03186  1.24128 0.337368
6.11563  1.26955 0.233379
6.19941  1.2891 0.127022
6.28319  1.29974 0.0190265
6.36696  1.30133 -0.0898601
6.45074  1.2938 -0.19888
6.53451  1.27714 -0.30727
6.61829  1.2514 -0.414263
6.70206  1.2167 -0.519101
6.78584  1.17321 -0.62103
6.86962  1.12118 -0.719317
6.95339  1.06092 -0.813244
7.03717  0.992789 -0.902124
7.12094  0.917213 -0.985296
7.20472  0.834669 -1.06214
7.28849  0.745688 -1.13206
7.37227  0.650848 -1.19453
7.45605  0.550775 -1.24906
7.53982  0.446135 -1.2952
7.6236  0.337628 -1.33257
7.70737  0.225991 -1.36086
7.79115  0.111984 -1.37979
7.87493  -0.00360916 -1.38917
7.9587  -0.119988 -1.38887
8.04248  -0.236342 -1.37882
8.12625  -0.351854 -1.35902
8.21003  -0.465707 -1.32954
8.2938  -0.57709 -1.29053
8.37758  -0.685205 -1.24218
8.46136  -0.78927 -1.18478
8.54513  -0.888525 -1.11866
8.62891  -0.982242 -1.04422
8.71268  -1.06972 -0.961931
8.79646  -1.15031 -0.872314
8.88024  -1.22339 -0.775946
8.96401  -1.28839 -0.673455
9.04779  -1.34481 -0.565519
9.13156  -1.39219 -0.452857
9.21534  -1.43013 -0.336225
9.29911  -1.45829 -0.216415
9.38289  -1.47642 -0.0942451
9.46667  -1.48432 0.0294436
9.55044  -1.48185 0.153794
9.63422  -1.46897 0.277937
9.71799  -1.44569 0.401001
9.80177  -1.41209 0.522115
9.88554  -1.36835 0.640414
9.96932  -1.3147 0.755048
10.0531  -1.25144 0.865188
10.1369  -1.17896 0.970029
10.2206  -1.0977 1.0688
10.3044  -1.00816 1.16076
10.3882  -0.910915 1.24522
10.472  -0.806596 1.32153
10.5558  -0.695883 1.3891
10.6395  -0.57951 1.4474
10.7233  -0.458253 1.49595
10.8071  -0.332928 1.53434
10.8909  -0.204388 1.56223
10.9746  -0.0735106 1.57935
11.0584  0.0588012 1.58551
11.1422  0.191629 1.58059
11.226  0.324044 1.56453
11.3097  0.455114 1.53739
11.3935  0.58391 1.49926
11.4773  0.709511 1.45034
11.5611  0.831015 1.3909
11.6448  0.947539 1.32128
11.7286  1.05823 1.2419
11.8124  1.16227 1.15325
11.8962  1.25889 1.05588
11.9799  1.34734 0.950413
12.0637  1.42696 0.837539
12.1475  1.49713 0.717993
12.2313  1.55728 0.59257
12.315  1.60692 0.462108
12.3988  1.64564 0.327487
12.4826  1.67307 0.189622
12.5664  1.68896 0.049459
