0  0 0
0.005  0.00249377 0.005
0.01  -1.24377e-05 0.01
0.015  -0.00250614 0.015
0.02  1.23758e-07 0.02
0.025  0.00249389 0.025
0.03  -1.23152e-05 0.03
0.035  -0.00250602 0.035
0.04  2.45065e-07 0.04
0.045  0.00249401 0.045
0.05  -1.21951e-05 0.05
0.055  -0.0025059 0.055
0.06  3.6397e-07 0.06
0.065  0.00249413 0.065
0.07  -1.20774e-05 0.07
0.075  -0.00250578 0.075
0.08  4.80521e-07 0.08
0.085  0.00249424 0.085
0.09  -1.1962e-05 0.09
0.095  -0.00250567 0.095
0.1  5.94764e-07 0.1
0.105  0.00249436 0.105
0.11  -1.18489e-05 0.11
0.115  -0.00250556 0.115
0.12  7.06744e-07 0.12
0.125  0.00249447 0.125
0.13  -1.1738e-05 0.13
0.135  -0.00250545 0.135
0.14  8.16508e-07 0.14
0.145  0.00249458 0.145
0.15  -1.16294e-05 0.15
0.155  -0.00250534 0.155
0.16  9.24097e-07 0.16
0.165  0.00249469 0.165
0.17  -1.15228e-05 0.17
0.175  -0.00250523 0.175
0.18  1.02956e-06 0.18
0.185  0.00249479 0.185
0.19  -1.14184e-05 0.19
0.195  -0.00250513 0.195
0.2  1.13293e-06 0.2
0.205  0.00249489 0.205
0.21  -1.13161e-05 0.21
0.215  -0.00250503 0.215
0.22  1.23425e-06 0.22
0.225  0.00249499 0.225
0.23  -1.12158e-05 0.23
0.235  -0.00250493 0.235
0.24  1.33357e-06 0.24
0.245  0.00249509 0.245
0.25  -1.11174e-05 0.25
0.255  -0.00250483 0.255
0.26  1.43092e-06 0.26
0.265  0.00249519 0.265
0.27  -1.10211e-05 0.27
0.275  -0.00250473 0.275
0.28  1.52634e-06 0.28
0.285  0.00249528 0.285
0.29  -1.09266e-05 0.29
0.295  -0.00250464 0.295
0.3  1.61988e-06 0.3
0.305  0.00249538 0.305
0.31  -1.0834e-05 0.31
0.315  -0.00250455 0.315
0.32  1.71156e-06 0.32
0.325  0.00249547 0.325
0.33  -1.07432e-05 0.33
0.335  -0.00250446 0.335
0.34  1.80143e-06 0.34
0.345  0.00249556 0.345
0.35  -1.06542e-05 0.35
0.355  -0.00250437 0.355
0.36  1.88951e-06 0.36
0.365  0.00249565 0.365
0.37  -1.0567e-05 0.37
0.375  -0.00250428 0.375
0.38  1.97586e-06 0.38
0.385  0.00249573 0.385
0.39  -1.04815e-05 0.39
0.395  -0.00250419 0.395
0.4  2.06049e-06 0.4
0.405  0.00249582 0.405
0.41  -1.03977e-05 0.41
0.415  -0.00250411 0.415
0.42  2.14345e-06 0.42
0.425  0.0024959 0.425
0.43  -1.03156e-05 0.43
0.435  -0.00250403 0.435
0.44  2.22476e-06 0.44
0.445  0.00249598 0.445
0.45  -1.02351e-05 0.45
0.455  -0.00250395 0.455
0.46  2.30447e-06 0.46
0.465  0.00249606 0.465
0.47  -1.01562e-05 0.47
0.475  -0.00250387 0.475
0.48  2.38259e-06 0.48
0.485  0.00249614 0.485
0.49  -1.00788e-05 0.49
0.495  -0.00250379 0.495
0.5  2.45917e-06 0.5
0.505  0.00249621 0.505
0.51  -1.0003e-05 0.51
0.515  -0.00250372 0.515
0.52  2.53423e-06 0.52
0.525  0.00249629 0.525
0.53  -9.92871e-06 0.53
0.535  -0.00250364 0.535
0.54  2.60781e-06 0.54
0.545  0.00249636 0.545
0.55  -9.85587e-06 0.55
0.555  -0.00250357 0.555
0.56  2.67993e-06 0.56
0.565  0.00249643 0.565
0.57  -9.78447e-06 0.57
0.575  -0.0025035 0.575
0.58  2.75062e-06 0.58
0.585  0.0024965 0.585
0.59  -9.71448e-06 0.59
0.595  -0.00250343 0.595
0.6  2.81991e-06 0.6
0.605  0.00249657 0.605
0.61  -9.64588e-06 0.61
0.615  -0.00250336 0.615
0.62  2.88783e-06 0.62
0.625  0.00249664 0.625
0.63  -9.57863e-06 0.63
0.635  -0.0025033 0.635
0.64  2.95441e-06 0.64
0.645  0.00249671 0.645
0.65  -9.51272e-06 0.65
0.655  -0.00250323 0.655
0.66  3.01966e-06 0.66
0.665  0.00249677 0.665
0.67  -9.44812e-06 0.67
0.675  -0.00250317 0.675
0.68  3.08363e-06 0.68
0.685  0.00249683 0.685
0.69  -9.38479e-06 0.69
0.695  -0.0025031 0.695
0.7  3.14633e-06 0.7
0.705  0.0024969 0.705
0.71  -9.32271e-06 0.71
0.715  -0.00250304 0.715
0.72  3.20778e-06 0.72
0.725  0.00249696 0.725
0.73  -9.26187e-06 0.73
0.735  -0.00250298 0.735
0.74  3.26802e-06 0.74
0.745  0.00249702 0.745
0.75  -9.20223e-06 0.75
0.755  -0.00250292 0.755
0.76  3.32707e-06 0.76
0.765  0.00249708 0.765
0.77  -9.14377e-06 0.77
0.775  -0.00250286 0.775
0.78  3.38495e-06 0.78
0.785  0.00249713 0.785
0.79  -9.08647e-06 0.79
0.795  -0.00250281 0.795
0.8  3.44168e-06 0.8
0.805  0.00249719 0.805
0.81  -9.0303e-06 0.81
0.815  -0.00250275 0.815
0.82  3.49729e-06 0.82
0.825  0.00249725 0.825
0.83  -8.97525e-06 0.83
0.835  -0.0025027 0.835
0.84  3.55179e-06 0.84
0.845  0.0024973 0.845
0.85  -8.92128e-06 0.85
0.855  -0.00250264 0.855
0.86  3.60522e-06 0.86
0.865  0.00249735 0.865
0.87  -8.86839e-06 0.87
0.875  -0.00250259 0.875
0.88  3.65759e-06 0.88
0.885  0.0024974 0.885
0.89  -8.81654e-06 0.89
0.895  -0.00250254 0.895
0.9  3.70892e-06 0.9
0.905  0.00249746 0.905
0.91  -8.76572e-06 0.91
0.915  -0.00250249 0.915
0.92  3.75924e-06 0.92
0.925  0.00249751 0.925
0.93  -8.7159e-06 0.93
0.935  -0.00250244 0.935
0.94  3.80856e-06 0.94
0.945  0.00249756 0.945
0.95  -8.66707e-06 0.95
0.955  -0.00250239 0.955
0.96  3.8569e-06 0.96
0.965  0.0024976 0.965
0.97  -8.61921e-06 0.97
0.975  -0.00250234 0.975
0.98  3.90429e-06 0.98
0.985  0.00249765 0.985
0.99  -8.5723e-06 0.99
0.995  -0.0025023 0.995
1  3.95073e-06 1
