0  1 0
0.0837758  0.97488 0.0837758
0.167552  0.88269 0.167552
0.251327  0.746071 0.251327
0.335103  0.650626 0.335103
0.418879  0.637351 0.418879
0.502655  0.650852 0.502655
0.586431  0.608064 0.586431
0.670206  0.501584 0.670206
0.753982  0.408497 0.753982
0.837758  0.393651 0.837758
0.921534  0.428261 0.921534
1.00531  0.425547 1.00531
1.08909  0.348869 1.08909
1.17286  0.257235 1.17286
1.25664  0.231303 1.25664
1.34041  0.272348 1.34041
1.42419  0.300452 1.42419
1.50796  0.25417 1.50796
1.59174  0.16713 1.59174
1.67552  0.125837 1.67552
1.75929  0.161422 1.75929
1.84307  0.21059 1.84307
1.92684  0.194587 1.92684
2.01062  0.117491 2.01062
2.0944  0.0610046 2.0944
2.17817  0.082252 2.17817
2.26195  0.142302 2.26195
2.34572  0.154729 2.34572
2.4295  0.0935344 2.4295
2.51327  0.0255619 2.51327
2.59705  0.026899 2.59705
2.68083  0.0877332 2.68083
2.7646  0.124557 2.7646
2.84838  0.0844693 2.84838
2.93215  0.0112337 2.93215
3.01593  -0.00945389 3.01593
3.0997  0.0429044 3.0997
3.18348  0.0979563 3.18348
3.26726  0.0823791 3.26726
3.35103  0.0114752 3.35103
3.43481  -0.0299801 3.43481
3.51858  0.00629636 3.51858
3.60236  0.0717344 3.60236
3.68614  0.0815827 3.68614
3.76991  0.0207964 3.76991
3.85369  -0.0371815 3.85369
3.93746  -0.0222152 3.93746
4.02124  0.0448636 4.02124
4.10501  0.0782727 4.10501
4.18879  0.0344623 4.18879
4.27257  -0.0334765 4.27257
4.35634  -0.0421674 4.35634
4.44012  0.0178498 4.44012
4.52389  0.0702877 4.52389
4.60767  0.0484338 4.60767
4.69145  -0.0214913 4.69145
4.77522  -0.053108 4.77522
4.859  -0.00782771 4.859
4.94277  0.0569188 4.94277
5.02655  0.0594432 5.02655
5.11032  -0.00412515 5.11032
5.1941  -0.0550074 5.1941
5.27788  -0.0302248 5.27788
5.36165  0.0386966 5.36165
5.44543  0.0651179 5.44543
5.5292  0.0155512 5.5292
5.61298  -0.0484962 5.61298
5.69675  -0.0473865 5.69675
5.78053  0.0171274 5.78053
5.86431  0.0640897 5.86431
5.94808  0.0345049 5.94808
6.03186  -0.0349415 6.03186
6.11563  -0.0577286 6.11563
6.19941  -0.00562166 6.19941
6.28319  0.0560432 6.28319
6.36696  0.0500035 6.36696
6.45074  -0.0163805 6.45074
6.53451  -0.0603252 6.53451
6.61829  -0.027074 6.61829
6.70206  0.0416755 6.70206
6.78584  0.0598775 6.78584
6.86962  0.00466285 6.86962
6.95339  -0.0550833 6.95339
7.03717  -0.0448042 7.03717
7.12094  0.0225593 7.12094
7.20472  0.0627391 7.20472
7.28849  0.0254441 7.28849
7.37227  -0.042795 7.37227
7.45605  -0.0567726 7.45605
7.53982  0.000915289 7.53982
7.6236  0.0581218 7.6236
7.70737  0.0433063 7.70737
7.79115  -0.0250662 7.79115
7.87493  -0.0615999 7.87493
7.9587  -0.0206824 7.9587
8.04248  0.0465162 8.04248
8.12625  0.055987 8.12625
8.21003  -0.00413727 8.21003
8.2938  -0.0587527 8.2938
8.37758  -0.0396371 8.37758
8.46136  0.029297 8.46136
8.54513  0.0618839 8.54513
8.62891  0.0173806 8.62891
8.71268  -0.0486194 8.71268
8.79646  -0.0536579 8.79646
8.88024  0.00854484 8.88024
8.96401  0.0602429 8.96401
9.04779  0.0368185 9.04779
9.13156  -0.0324692 9.13156
9.21534  -0.0610474 9.21534
9.29911  -0.0132147 9.29911
9.38289  0.0512455 9.38289
9.46667  0.0517722 9.46667
9.55044  -0.0123013 9.55044
9.63422  -0.060914 9.63422
9.71799  -0.0333249 9.71799
9.80177  0.0359832 9.80177
9.88554  0.0603942 9.88554
9.96932  0.00939774 9.96932
10.0531  -0.0532842 10.0531
10.1369  -0.0493267 10.1369
10.2206  0.0163206 10.2206
10.3044  0.0616184 10.3044
10.3882  0.0299572 10.3882
10.472  -0.0391013 10.472
10.5558  -0.0592621 10.5558
10.6395  -0.0053344 10.6395
10.7233  0.0552892 10.7233
10.8071  0.0468487 10.8071
10.8909  -0.0201104 10.8909
10.9746  -0.0619157 10.9746
11.0584  -0.0263275 11.0584
11.1422  0.0421801 11.1422
11.226  0.0579959 11.226
11.3097  0.00135443 11.3097
11.3935  -0.0569643 11.3935
11.4773  -0.0440843 11.4773
11.5611  0.023898 11.5611
11.6448  0.0620283 11.6448
11.7286  0.0226567 11.7286
11.8124  -0.0450176 11.8124
11.8962  -0.056427 11.8962
11.9799  0.00268533 11.9799
12.0637  0.0584498 12.0637
12.1475  0.0411804 12.1475
12.2313  -0.027543 12.2313
12.315  -0.0618415 12.315
12.3988  -0.018855 12.3988
12.4826  0.0476985 12.4826
12.5664  0.0546509 12.5664
