0  1 0
0.0628319  0.98872 0.0628319
0.125664  0.941364 0.125664
0.188496  0.850593 0.188496
0.251327  0.743808 0.251327
0.314159  0.662696 0.314159
0.376991  0.632209 0.376991
0.439823  0.641942 0.439823
0.502655  0.653713 0.502655
0.565487  0.629717 0.565487
0.628319  0.56041 0.628319
0.69115  0.471472 0.69115
0.753982  0.404685 0.753982
0.816814  0.386893 0.816814
0.879646  0.41003 0.879646
0.942478  0.43701 0.942478
1.00531  0.429117 1.00531
1.06814  0.374605 1.06814
1.13097  0.297325 1.13097
1.19381  0.239001 1.19381
1.25664  0.228258 1.25664
1.31947  0.259373 1.31947
1.3823  0.296451 1.3823
1.44513  0.299966 1.44513
1.50796  0.255983 1.50796
1.5708  0.186438 1.5708
1.63363  0.132846 1.63363
1.69646  0.125515 1.69646
1.75929  0.161063 1.75929
1.82212  0.204888 1.82212
1.88496  0.216759 1.88496
1.94779  0.180587 1.94779
2.01062  0.116309 2.01062
2.07345  0.0650964 2.07345
2.13628  0.0588352 2.13628
2.19911  0.0964874 2.19911
2.26195  0.144837 2.26195
2.32478  0.163069 2.32478
2.38761  0.13298 2.38761
2.45044  0.0724422 2.45044
2.51327  0.0221461 2.51327
2.57611  0.0154509 2.57611
2.63894  0.05366 2.63894
2.70177  0.105042 2.70177
2.7646  0.128317 2.7646
2.82743  0.103221 2.82743
2.89027  0.0454974 2.89027
2.9531  -0.00477106 2.9531
3.01593  -0.0128605 3.01593
3.07876  0.0248663 3.07876
3.14159  0.0782566 3.14159
3.20442  0.105692 3.20442
3.26726  0.0849021 3.26726
3.33009  0.0294549 3.33009
3.39292  -0.0213032 3.39292
3.45575  -0.0313935 3.45575
3.51858  0.00514094 3.51858
3.58142  0.0598176 3.58142
3.64425  0.0908038 3.64425
3.70708  0.0738943 3.70708
3.76991  0.0204337 3.76991
3.83274  -0.0310904 3.83274
3.89557  -0.0435573 3.89557
3.95841  -0.00871018 3.95841
4.02124  0.046725 4.02124
4.08407  0.0808296 4.08407
4.1469  0.0675358 4.1469
4.20973  0.0159301 4.20973
4.27257  -0.0364798 4.27257
4.3354  -0.0515468 4.3354
4.39823  -0.0187408 4.39823
4.46106  0.0370503 4.46106
4.52389  0.0739509 4.52389
4.58673  0.0641102 4.58673
4.64956  0.0143275 4.64956
4.71239  -0.0389858 4.71239
4.77522  -0.0567751 4.77522
4.83805  -0.0262702 4.83805
4.90088  0.0295555 4.90088
4.96372  0.0689982 4.96372
5.02655  0.0625097 5.02655
5.08938  0.0145807 5.08938
5.15221  -0.0395868 5.15221
5.21504  -0.0601521 5.21504
5.27788  -0.0321447 5.27788
5.34071  0.0234471 5.34071
5.40354  0.0652199 5.40354
5.46637  0.0620191 5.46637
5.5292  0.0160126 5.5292
5.59203  -0.0389162 5.59203
5.65487  -0.0622639 5.65487
5.7177  -0.0369064 5.7177
5.78053  0.0182179 5.78053
5.84336  0.0621336 5.84336
5.90619  0.0621761 5.90619
5.96903  0.0181832 5.96903
6.03186  -0.0373851 6.03186
6.09469  -0.0634881 6.09469
6.15752  -0.0409012 6.15752
6.22035  0.0135453 6.22035
6.28319  0.0594309 6.28319
6.34602  0.0626814 6.34602
6.40885  0.0208052 6.40885
6.47168  -0.0352617 6.47168
6.53451  -0.0640683 6.53451
6.59734  -0.0443491 6.59734
6.66018  0.00922567 6.66018
6.72301  0.0569151 6.72301
6.78584  0.063341 6.78584
6.84867  0.0236898 6.84867
6.9115  -0.0327222 6.9115
6.97434  -0.064162 6.97434
7.03717  -0.0473891 7.03717
7.1  0.00513178 7.1
7.16283  0.0544622 7.16283
7.22566  0.064029 7.22566
7.28849  0.0267118 7.28849
7.35133  -0.0298837 7.35133
7.41416  -0.0638717 7.41416
7.47699  -0.0501082 7.47699
7.53982  0.00118579 7.53982
7.60265  0.0519946 7.60265
7.66549  0.0646634 7.66549
7.72832  0.0297868 7.72832
7.79115  -0.0268255 7.79115
7.85398  -0.0632642 7.85398
7.91681  -0.05256 7.91681
7.97965  -0.0026584 7.97965
8.04248  0.0494653 8.04248
8.10531  0.0651909 8.10531
8.16814  0.032857 8.16814
8.23097  -0.0236023 8.23097
8.2938  -0.062384 8.2938
8.35664  -0.0547769 8.35664
8.41947  -0.00642643 8.41947
8.4823  0.0468468 8.4823
8.54513  0.0655766 8.54513
8.60796  0.0358819 8.60796
8.6708  -0.0202533 8.6708
8.73363  -0.0612614 8.73363
8.79646  -0.0567779 8.79646
8.85929  -0.0101308 8.85929
8.92212  0.0441245 8.92212
8.98495  0.0657982 8.98495
9.04779  0.038832 9.04779
9.11062  -0.0168077 9.11062
9.17345  -0.0599173 9.17345
9.23628  -0.0585733 9.23628
9.29911  -0.0137758 9.29911
9.36195  0.0412923 9.36195
9.42478  0.0658412 9.42478
9.48761  0.0416854 9.48761
9.55044  -0.0132881 9.55044
9.61327  -0.0583674 9.61327
9.67611  -0.0601682 9.67611
9.73894  -0.0173599 9.73894
9.80177  0.0383494 9.80177
9.8646  0.0656966 9.8646
9.92743  0.044425 9.92743
9.99026  -0.00971337 9.99026
10.0531  -0.0566237 10.0531
10.1159  -0.0615647 10.1159
10.1788  -0.0208787 10.1788
10.2416  0.0352989 10.2416
10.3044  0.0653592 10.3044
10.3673  0.0470368 10.3673
10.4301  -0.00609949 10.4301
10.4929  -0.0546965 10.4929
10.5558  -0.0627627 10.5558
10.6186  -0.0243254 10.6186
10.6814  0.0321463 10.6814
10.7442  0.0648262 10.7442
10.8071  0.0495094 10.8071
10.8699  -0.0024609 10.8699
10.9327  -0.0525945 10.9327
10.9956  -0.0637616 10.9956
11.0584  -0.027692 11.0584
11.1212  0.0288989 11.1212
11.1841  0.0640971 11.1841
11.2469  0.051833 11.2469
11.3097  0.00118907 11.3097
11.3726  -0.0503265 11.3726
11.4354  -0.0645599 11.4354
11.4982  -0.0309699 11.4982
11.5611  0.025565 11.5611
11.6239  0.0631726 11.6239
11.6867  0.0539988 11.6867
11.7496  0.0048378 11.7496
11.8124  -0.0479005 11.8124
11.8752  -0.0651564 11.8752
11.9381  -0.03415 11.9381
12.0009  0.022154 12.0009
12.0637  0.0620544 12.0637
12.1265  0.0559994 12.1265
12.1894  0.00847313 12.1894
12.2522  -0.0453249 12.2522
12.315  -0.0655501 12.315
12.3779  -0.0372232 12.3779
12.4407  0.0186757 12.4407
12.5035  0.0607456 12.5035
12.5664  0.0578278 12.5664
