0  1 0
0.251327  0.786297 0.251327
0.502655  0.583678 0.502655
0.753982  0.493278 0.753982
1.00531  0.337212 1.00531
1.25664  0.305996 1.25664
1.50796  0.203015 1.50796
1.75929  0.176995 1.75929
2.01062  0.136833 2.01062
2.26195  0.0881536 2.26195
2.51327  0.102266 2.51327
2.7646  0.0357649 2.7646
3.01593  0.0738367 3.01593
3.26726  0.0167992 3.26726
3.51858  0.0411447 3.51858
3.76991  0.0211334 3.76991
4.02124  0.00811308 4.02124
4.27257  0.0323073 4.27257
4.52389  -0.014158 4.52389
4.77522  0.0347738 4.77522
5.02655  -0.0174345 5.02655
5.27788  0.0219583 5.27788
5.5292  -0.00341572 5.5292
5.78053  -0.000719303 5.78053
6.03186  0.0163766 6.03186
6.28319  -0.0201815 6.28319
6.53451  0.0275532 6.53451
6.78584  -0.0247451 6.78584
7.03717  0.0219344 7.03717
7.28849  -0.0120719 7.28849
7.53982  0.00269755 7.53982
7.79115  0.00912549 7.79115
8.04248  -0.0178416 8.04248
8.2938  0.024698 8.2938
8.54513  -0.0263904 8.54513
8.79646  0.0242825 8.79646
9.04779  -0.0174511 9.04779
9.29911  0.00806469 9.29911
9.55044  0.00304277 9.55044
9.80177  -0.0133656 9.80177
10.0531  0.0216019 10.0531
10.3044  -0.0259769 10.3044
10.5558  0.0260228 10.5558
10.8071  -0.0215127 10.8071
11.0584  0.0133897 11.0584
11.3097  -0.00291392 11.3097
11.5611  -0.00801641 11.5611
11.8124  0.0176076 11.8124
12.0637  -0.0241538 12.0637
12.315  0.0265811 12.315
12.5664  -0.024436 12.5664
