0  1 0
0.125664  0.928645 0.125664
0.251327  0.752559 0.251327
0.376991  0.644144 0.376991
0.502655  0.642319 0.502655
0.628319  0.555035 0.628319
0.753982  0.41977 0.753982
0.879646  0.410309 0.879646
1.00531  0.414806 1.00531
1.13097  0.303645 1.13097
1.25664  0.24045 1.25664
1.3823  0.285437 1.3823
1.50796  0.248587 1.50796
1.63363  0.147063 1.63363
1.75929  0.162639 1.75929
1.88496  0.201895 1.88496
2.01062  0.120847 2.01062
2.13628  0.0717446 2.13628
2.26195  0.134852 2.26195
2.38761  0.124083 2.38761
2.51327  0.0356793 2.51327
2.63894  0.0568114 2.63894
2.7646  0.113332 2.7646
2.89027  0.0484009 2.89027
3.01593  0.00077478 3.01593
3.14159  0.0695625 3.14159
3.26726  0.074725 3.26726
3.39292  -0.00853181 3.39292
3.51858  0.00990066 3.51858
3.64425  0.0759383 3.64425
3.76991  0.0217116 3.76991
3.89557  -0.0293308 3.89557
4.02124  0.0394542 4.02124
4.1469  0.0562232 4.1469
4.27257  -0.0246152 4.27257
4.39823  -0.0124233 4.39823
4.52389  0.0593938 4.52389
4.64956  0.0139655 4.64956
4.77522  -0.0421338 4.77522
4.90088  0.0237955 4.90088
5.02655  0.0501975 5.02655
5.15221  -0.0287805 5.15221
5.27788  -0.0243531 5.27788
5.40354  0.0511451 5.40354
5.5292  0.014009 5.5292
5.65487  -0.0473952 5.65487
5.78053  0.0140333 5.78053
5.90619  0.0490103 5.90619
6.03186  -0.0277767 6.03186
6.15752  -0.0317376 6.15752
6.28319  0.0460066 6.28319
6.40885  0.0171793 6.40885
6.53451  -0.0491611 6.53451
6.66018  0.00666349 6.66018
6.78584  0.0494796 6.78584
6.9115  -0.0244348 6.9115
7.03717  -0.0369709 7.03717
7.16283  0.0418506 7.16283
7.28849  0.0215049 7.28849
7.41416  -0.0491134 7.41416
7.53982  0.000274633 7.53982
7.66549  0.0502751 7.66549
7.79115  -0.0199641 7.79115
7.91681  -0.0410182 7.91681
8.04248  0.0378202 8.04248
8.16814  0.0261315 8.16814
8.2938  -0.0479589 8.2938
8.41947  -0.00567691 8.41947
8.54513  0.0508377 8.54513
8.6708  -0.014904 8.6708
8.79646  -0.0442564 8.79646
8.92212  0.0335887 8.92212
9.04779  0.0306701 9.04779
9.17345  -0.0460045 9.17345
9.29911  -0.0113756 9.29911
9.42478  0.0509332 9.42478
9.55044  -0.00951772 9.55044
9.67611  -0.0468225 9.67611
9.80177  0.0290526 9.80177
9.92743  0.034927 9.92743
10.0531  -0.0433957 10.0531
10.1788  -0.0168581 10.1788
10.3044  0.0504658 10.3044
10.4301  -0.00395491 10.4301
10.5558  -0.0487579 10.5558
10.6814  0.0242031 10.6814
10.8071  0.0387926 10.8071
10.9327  -0.040215 10.9327
11.0584  -0.0221008 11.0584
11.1841  0.0494024 11.1841
11.3097  0.00168116 11.3097
11.4354  -0.0500691 11.4354
11.5611  0.0190734 11.5611
11.6867  0.0421954 11.6867
11.8124  -0.0365224 11.8124
11.9381  -0.0270573 11.9381
12.0637  0.0477399 12.0637
12.1894  0.00730657 12.1894
12.315  -0.0507527 12.315
12.4407  0.0137159 12.4407
12.5664  0.0450837 12.5664
