0  0 0
0.02  0.019802 0.02
0.04  0.0392118 0.04
0.06  0.0582374 0.06
0.08  0.0768861 0.08
0.1  0.0951656 0.1
0.12  0.113083 0.12
0.14  0.130646 0.14
0.16  0.147861 0.16
0.18  0.164735 0.18
0.2  0.181275 0.2
0.22  0.197487 0.22
0.24  0.213378 0.24
0.26  0.228955 0.26
0.28  0.244223 0.28
0.3  0.259189 0.3
0.32  0.273859 0.32
0.34  0.288238 0.34
0.36  0.302332 0.36
0.38  0.316147 0.38
0.4  0.329689 0.4
0.42  0.342962 0.42
0.44  0.355973 0.44
0.46  0.368726 0.46
0.48  0.381227 0.48
0.5  0.393479 0.5
0.52  0.40549 0.52
0.54  0.417262 0.54
0.56  0.428802 0.56
0.58  0.440112 0.58
0.6  0.451199 0.6
0.62  0.462067 0.62
0.64  0.472719 0.64
0.66  0.48316 0.66
0.68  0.493394 0.68
0.7  0.503426 0.7
0.72  0.513259 0.72
0.74  0.522898 0.74
0.76  0.532345 0.76
0.78  0.541606 0.78
0.8  0.550683 0.8
0.82  0.55958 0.82
0.84  0.568302 0.84
0.86  0.57685 0.86
0.88  0.585229 0.88
0.9  0.593443 0.9
0.92  0.601493 0.92
0.94  0.609384 0.94
0.96  0.617119 0.96
0.98  0.624701 0.98
1  0.632133 1
