0  0 0
0.00666667  0.00166113 0.00666667
0.0133333  -0.00167217 0.0133333
0.02  7.33382e-08 0.02
0.0266667  0.0016612 0.0266667
0.0333333  -0.00167209 0.0333333
0.04  1.45224e-07 0.04
0.0466667  0.00166127 0.0466667
0.0533333  -0.00167202 0.0533333
0.06  2.15687e-07 0.06
0.0666667  0.00166134 0.0666667
0.0733333  -0.00167195 0.0733333
0.08  2.84754e-07 0.08
0.0866667  0.00166141 0.0866667
0.0933333  -0.00167189 0.0933333
0.1  3.52454e-07 0.1
0.106667  0.00166148 0.106667
0.113333  -0.00167182 0.113333
0.12  4.18813e-07 0.12
0.126667  0.00166155 0.126667
0.133333  -0.00167175 0.133333
0.14  4.83858e-07 0.14
0.146667  0.00166161 0.146667
0.153333  -0.00167169 0.153333
0.16  5.47615e-07 0.16
0.166667  0.00166167 0.166667
0.173333  -0.00167163 0.173333
0.18  6.1011e-07 0.18
0.186667  0.00166174 0.186667
0.193333  -0.00167156 0.193333
0.2  6.71367e-07 0.2
0.206667  0.0016618 0.206667
0.213333  -0.0016715 0.213333
0.22  7.31412e-07 0.22
0.226667  0.00166186 0.226667
0.233333  -0.00167145 0.233333
0.24  7.90267e-07 0.24
0.246667  0.00166191 0.246667
0.253333  -0.00167139 0.253333
0.26  8.47957e-07 0.26
0.266667  0.00166197 0.266667
0.273333  -0.00167133 0.273333
0.28  9.04504e-07 0.28
0.286667  0.00166203 0.286667
0.293333  -0.00167127 0.293333
0.3  9.59932e-07 0.3
0.306667  0.00166208 0.306667
0.313333  -0.00167122 0.313333
0.32  1.01426e-06 0.32
0.326667  0.00166214 0.326667
0.333333  -0.00167117 0.333333
0.34  1.06752e-06 0.34
0.346667  0.00166219 0.346667
0.353333  -0.00167111 0.353333
0.36  1.11972e-06 0.36
0.366667  0.00166224 0.366667
0.373333  -0.00167106 0.373333
0.38  1.17088e-06 0.38
0.386667  0.00166229 0.386667
0.393333  -0.00167101 0.393333
0.4  1.22104e-06 0.4
0.406667  0.00166234 0.406667
0.413333  -0.00167096 0.413333
0.42  1.2702e-06 0.42
0.426667  0.00166239 0.426667
0.433333  -0.00167091 0.433333
0.44  1.31838e-06 0.44
0.446667  0.00166244 0.446667
0.453333  -0.00167087 0.453333
0.46  1.36562e-06 0.46
0.466667  0.00166249 0.466667
0.473333  -0.00167082 0.473333
0.48  1.41191e-06 0.48
0.486667  0.00166253 0.486667
0.493333  -0.00167077 0.493333
0.5  1.45729e-06 0.5
0.506667  0.00166258 0.506667
0.513333  -0.00167073 0.513333
0.52  1.50177e-06 0.52
0.526667  0.00166262 0.526667
0.533333  -0.00167069 0.533333
0.54  1.54538e-06 0.54
0.546667  0.00166266 0.546667
0.553333  -0.00167064 0.553333
0.56  1.58811e-06 0.56
0.566667  0.00166271 0.566667
0.573333  -0.0016706 0.573333
0.58  1.63e-06 0.58
0.586667  0.00166275 0.586667
0.593333  -0.00167056 0.593333
0.6  1.67107e-06 0.6
0.606667  0.00166279 0.606667
0.613333  -0.00167052 0.613333
0.62  1.71132e-06 0.62
0.626667  0.00166283 0.626667
0.633333  -0.00167048 0.633333
0.64  1.75077e-06 0.64
0.646667  0.00166287 0.646667
0.653333  -0.00167044 0.653333
0.66  1.78944e-06 0.66
0.666667  0.00166291 0.666667
0.673333  -0.0016704 0.673333
0.68  1.82734e-06 0.68
0.686667  0.00166294 0.686667
0.693333  -0.00167036 0.693333
0.7  1.8645e-06 0.7
0.706667  0.00166298 0.706667
0.713333  -0.00167033 0.713333
0.72  1.90092e-06 0.72
0.726667  0.00166302 0.726667
0.733333  -0.00167029 0.733333
0.74  1.93661e-06 0.74
0.746667  0.00166305 0.746667
0.753333  -0.00167026 0.753333
0.76  1.9716e-06 0.76
0.766667  0.00166309 0.766667
0.773333  -0.00167022 0.773333
0.78  2.0059e-06 0.78
0.786667  0.00166312 0.786667
0.793333  -0.00167019 0.793333
0.8  2.03952e-06 0.8
0.806667  0.00166316 0.806667
0.813333  -0.00167015 0.813333
0.82  2.07247e-06 0.82
0.826667  0.00166319 0.826667
0.833333  -0.00167012 0.833333
0.84  2.10477e-06 0.84
0.846667  0.00166322 0.846667
0.853333  -0.00167009 0.853333
0.86  2.13643e-06 0.86
0.866667  0.00166325 0.866667
0.873333  -0.00167006 0.873333
0.88  2.16747e-06 0.88
0.886667  0.00166328 0.886667
0.893333  -0.00167003 0.893333
0.9  2.19789e-06 0.9
0.906667  0.00166331 0.906667
0.913333  -0.00167 0.913333
0.92  2.2277e-06 0.92
0.926667  0.00166334 0.926667
0.933333  -0.00166997 0.933333
0.94  2.25693e-06 0.94
0.946667  0.00166337 0.946667
0.953333  -0.00166994 0.953333
0.96  2.28558e-06 0.96
0.966667  0.0016634 0.966667
0.973333  -0.00166991 0.973333
0.98  2.31366e-06 0.98
0.986667  0.00166343 0.986667
0.993333  -0.00166988 0.993333
1  2.34118e-06 1
