0  1 0
0.0837758  0.996491 -0.0837758
0.167552  0.985976 -0.166964
0.251327  0.968528 -0.248979
0.335103  0.944271 -0.329244
0.418879  0.913375 -0.407196
0.502655  0.876056 -0.482286
0.586431  0.832578 -0.553985
0.670206  0.783246 -0.621791
0.753982  0.728406 -0.685226
0.837758  0.668445 -0.743845
0.921534  0.603783 -0.797234
1.00531  0.534875 -0.845019
1.08909  0.462206 -0.886863
1.17286  0.386286 -0.922472
1.25664  0.30765 -0.951597
1.34041  0.22685 -0.974031
1.42419  0.144453 -0.989617
1.50796  0.0610405 -0.998246
1.59174  -0.0228026 -0.999857
1.67552  -0.106486 -0.994438
1.75929  -0.189423 -0.982027
1.84307  -0.271028 -0.962712
1.92684  -0.350729 -0.936628
2.01062  -0.427965 -0.903959
2.0944  -0.502193 -0.864934
2.17817  -0.572891 -0.819827
2.26195  -0.639562 -0.768955
2.34572  -0.701738 -0.712677
2.4295  -0.758981 -0.651388
2.51327  -0.810888 -0.585517
2.59705  -0.857094 -0.51553
2.68083  -0.897276 -0.441917
2.7646  -0.931149 -0.365196
2.84838  -0.958476 -0.285907
2.93215  -0.979064 -0.204607
3.01593  -0.99277 -0.121867
3.0997  -0.999495 -0.0382691
3.18348  -0.999194 0.0455987
3.26726  -0.991868 0.129147
3.35103  -0.977568 0.211788
3.43481  -0.956394 0.292942
3.51858  -0.928497 0.372036
3.60236  -0.894071 0.448516
3.68614  -0.853359 0.521844
3.76991  -0.806646 0.591503
3.85369  -0.754262 0.657005
3.93746  -0.696574 0.717889
4.02124  -0.633988 0.773725
4.10501  -0.566943 0.824123
4.18879  -0.495912 0.868727
4.27257  -0.421394 0.907224
4.35634  -0.343912 0.939343
4.44012  -0.264011 0.964858
4.52389  -0.182252 0.98359
4.60767  -0.0992117 0.995407
4.69145  -0.0154725 1.00023
4.77522  0.0683764 0.998011
4.859  0.151746 0.988781
4.94277  0.234049 0.972598
5.02655  0.314708 0.949578
5.11032  0.393155 0.919881
5.1941  0.468839 0.883716
5.27788  0.541228 0.841337
5.36165  0.609813 0.793043
5.44543  0.67411 0.739172
5.5292  0.73367 0.680104
5.61298  0.788071 0.616254
5.69675  0.836933 0.54807
5.78053  0.879911 0.476032
5.86431  0.916703 0.400646
5.94808  0.947051 0.322443
6.03186  0.97074 0.241971
6.11563  0.987605 0.159798
6.19941  0.997527 0.0764996
6.28319  1.00043 -0.00733744
6.36696  0.99631 -0.0911239
6.45074  0.985179 -0.174271
6.53451  0.967122 -0.256193
6.61829  0.942266 -0.336316
6.70206  0.910784 -0.414075
6.78584  0.872899 -0.488923
6.86962  0.828875 -0.560335
6.95339  0.779024 -0.627809
7.03717  0.723695 -0.690869
7.12094  0.663278 -0.749073
7.20472  0.598196 -0.802011
7.28849  0.528908 -0.849311
7.37227  0.4559 -0.89064
7.45605  0.379686 -0.925708
7.53982  0.300802 -0.954268
7.6236  0.219801 -0.976119
7.70737  0.137255 -0.991108
7.79115  0.0537424 -0.999128
7.87493  -0.0301489 -1.00012
7.9587  -0.113829 -0.994089
8.04248  -0.196711 -0.981065
8.12625  -0.27821 -0.961142
8.21003  -0.357754 -0.934462
8.2938  -0.434784 -0.901212
8.37758  -0.508758 -0.861625
8.46136  -0.579156 -0.81598
8.54513  -0.645483 -0.764597
8.62891  -0.707272 -0.707838
8.71268  -0.76409 -0.646102
8.79646  -0.815537 -0.579822
8.88024  -0.86125 -0.509465
8.96401  -0.900908 -0.435526
9.04779  -0.934233 -0.358523
9.13156  -0.960991 -0.278999
9.21534  -0.980992 -0.197512
9.29911  -0.994096 -0.114635
9.38289  -1.00021 -0.030952
9.46667  -0.999294 0.0529501
9.55044  -0.991351 0.136481
9.63422  -0.976439 0.219053
9.71799  -0.954661 0.300087
9.80177  -0.926171 0.379011
9.88554  -0.891169 0.455272
9.96932  -0.849901 0.528332
10.0531  -0.802657 0.597679
10.1369  -0.749769 0.662825
10.2206  -0.691609 0.723312
10.3044  -0.628586 0.778714
10.3882  -0.561143 0.828641
10.472  -0.489754 0.872744
10.5558  -0.41492 0.910711
10.6395  -0.337169 0.942275
10.7233  -0.257046 0.967215
10.8071  -0.175115 0.985355
10.8909  -0.0919511 0.996568
10.9746  -0.00814016 1.00077
11.0584  0.075729 0.997944
11.1422  0.159067 0.988098
11.226  0.241287 0.971304
11.3097  0.321812 0.947682
11.3935  0.400076 0.917396
11.4773  0.475528 0.88066
11.5611  0.547637 0.837732
11.6448  0.615897 0.788913
11.7286  0.679827 0.734548
11.8124  0.738979 0.675017
11.8962  0.792936 0.61074
11.9799  0.841318 0.542168
12.0637  0.883787 0.469783
12.1475  0.920042 0.394094
12.2313  0.949829 0.315634
12.315  0.972938 0.234954
12.3988  0.989207 0.152621
12.4826  0.998522 0.0692136
12.5664  1.00082 -0.0146813
