0  1 0
0.251327  0.968417 -0.251327
0.502655  0.874667 -0.48678
0.753982  0.724701 -0.691233
1.00531  0.528087 -0.85154
1.25664  0.297393 -0.957368
1.50796  0.047388 -1.00188
1.75929  -0.205907 -0.982143
2.01062  -0.446244 -0.899374
2.26195  -0.658188 -0.758816
2.51327  -0.828112 -0.56943
2.7646  -0.945071 -0.343319
3.01593  -1.00151 -0.0949538
3.26726  -0.993743 0.159752
3.51858  -0.922208 0.404461
3.76991  -0.79143 0.623463
4.02124  -0.609741 0.80268
4.27257  -0.388748 0.930574
4.52389  -0.142591 0.998887
4.77522  0.11296 1.00318
5.02655  0.361518 0.943104
5.27788  0.587128 0.822458
5.5292  0.775291 0.648922
5.78053  0.913897 0.433575
6.03186  0.994003 0.190194
6.28319  1.01041 -0.0656331
6.53451  0.962004 -0.317504
6.78584  0.851824 -0.549254
7.03717  0.686878 -0.745994
7.28849  0.477696 -0.895065
7.53982  0.237654 -0.986854
7.79115  -0.0178748 -1.01542
8.04248  -0.272512 -0.978854
8.2938  -0.509918 -0.879449
8.54513  -0.714843 -0.723517
8.79646  -0.874106 -0.521007
9.04779  -0.977443 -0.284865
9.29911  -1.01817 -0.0302102
9.55044  -0.993603 0.226637
9.80177  -0.905262 0.469199
10.0531  -0.758749 0.681898
10.3044  -0.563406 0.851056
10.5558  -0.331719 0.965777
10.8071  -0.0785158 1.01864
11.0584  0.179977 1.00621
11.3097  0.42718 0.929194
11.5611  0.647221 0.792486
11.8124  0.825953 0.604793
12.0637  0.951868 0.378107
12.315  1.01683 0.126935
12.5664  1.01662 -0.132633
